0.000000000000000000e+00 7.133649061081177578e-01 1.151231534372973886e-04
1.000000000000000000e+00 1.452095610920428825e+00 6.563830123520023017e-06
2.000000000000000000e+00 2.955824775230527113e+00 5.908660154797810624e-05
3.000000000000000000e+00 6.016752640915018269e+00 2.796760855790205549e-06
4.000000000000000000e+00 1.224744871391589385e+01 -2.469140650607363355e-06
5.000000000000000000e+00 2.493039168337628553e+01 -1.900914680090376909e-06
6.000000000000000000e+00 5.074725716388293506e+01 -1.020400117819862148e-06
7.000000000000000000e+00 1.032989831192456762e+02 5.995201241895053950e-07
8.000000000000000000e+00 2.102710670452662214e+02 5.129488099564845511e-07
9.000000000000000000e+00 7.133649061081177578e-01 4.988559294383310610e-05
1.000000000000000000e+01 1.452095610920428825e+00 2.903860017788329888e-05
1.100000000000000000e+01 2.955824775230527113e+00 4.632997980667297029e-06
1.200000000000000000e+01 6.016752640915018269e+00 9.770126774039672259e-06
1.300000000000000000e+01 1.224744871391589385e+01 2.407887411820278170e-06
1.400000000000000000e+01 2.493039168337628553e+01 8.842383760263751441e-07
1.500000000000000000e+01 5.074725716388293506e+01 1.854065384524561538e-06
1.600000000000000000e+01 1.032989831192456762e+02 2.924898797902178732e-07
1.700000000000000000e+01 2.102710670452662214e+02 1.104464648912450073e-07
1.800000000000000000e+01 7.133649061081177578e-01 -2.817048621359288555e-05
1.900000000000000000e+01 1.452095610920428825e+00 3.691696534418372356e-05
2.000000000000000000e+01 2.955824775230527113e+00 1.968100925089489412e-05
2.100000000000000000e+01 6.016752640915018269e+00 4.373874853164178601e-06
2.200000000000000000e+01 1.224744871391589385e+01 -1.200875539137771717e-06
2.300000000000000000e+01 2.493039168337628553e+01 6.927413733141934505e-08
2.400000000000000000e+01 5.074725716388293506e+01 1.869257151332192385e-07
2.500000000000000000e+01 1.032989831192456762e+02 5.038501677480382204e-07
2.600000000000000000e+01 2.102710670452662214e+02 -3.775580331010040325e-07
2.700000000000000000e+01 7.133649061081177578e-01 7.850210066748862883e-05
2.800000000000000000e+01 1.452095610920428825e+00 3.342382358834417879e-05
2.900000000000000000e+01 2.955824775230527113e+00 -6.517967512030369512e-06
3.000000000000000000e+01 6.016752640915018269e+00 -3.003382434722950594e-06
3.100000000000000000e+01 1.224744871391589385e+01 5.746842225071290468e-06
3.200000000000000000e+01 2.493039168337628553e+01 -7.523578725043393566e-07
3.300000000000000000e+01 5.074725716388293506e+01 6.868294286345962962e-07
3.400000000000000000e+01 1.032989831192456762e+02 -1.042158013605279449e-07
3.500000000000000000e+01 2.102710670452662214e+02 -6.093257424842332545e-08
3.600000000000000000e+01 7.133649061081177578e-01 -6.413500115474466541e-06
3.700000000000000000e+01 1.452095610920428825e+00 2.105282899501548767e-05
3.800000000000000000e+01 2.955824775230527113e+00 1.234906654343626637e-05
3.900000000000000000e+01 6.016752640915018269e+00 9.618123743584571021e-06
4.000000000000000000e+01 1.224744871391589385e+01 5.126845362546929806e-06
4.100000000000000000e+01 2.493039168337628553e+01 -5.114462064205748262e-07
4.200000000000000000e+01 5.074725716388293506e+01 -1.816475824060400189e-07
4.300000000000000000e+01 1.032989831192456762e+02 4.595510846833117195e-07
4.400000000000000000e+01 2.102710670452662214e+02 6.904285567587061237e-08
4.500000000000000000e+01 7.133649061081177578e-01 1.463175941329631258e-04
4.600000000000000000e+01 1.452095610920428825e+00 4.112892177408790232e-05
4.700000000000000000e+01 2.955824775230527113e+00 4.710645424159311012e-05
4.800000000000000000e+01 6.016752640915018269e+00 1.285586070154869829e-05
4.900000000000000000e+01 1.224744871391589385e+01 7.558102945789135378e-06
5.000000000000000000e+01 2.493039168337628553e+01 4.417629885562347449e-06
5.100000000000000000e+01 5.074725716388293506e+01 1.718846065758266524e-06
5.200000000000000000e+01 1.032989831192456762e+02 8.816920363733990988e-07
5.300000000000000000e+01 2.102710670452662214e+02 2.256198084743805139e-08
5.400000000000000000e+01 7.133649061081177578e-01 3.125477810154254433e-05
5.500000000000000000e+01 1.452095610920428825e+00 2.630898304108282438e-05
5.600000000000000000e+01 2.955824775230527113e+00 2.735181311950434825e-05
5.700000000000000000e+01 6.016752640915018269e+00 8.866290025580353786e-06
5.800000000000000000e+01 1.224744871391589385e+01 4.670476935779138475e-06
5.900000000000000000e+01 2.493039168337628553e+01 2.720217595623613396e-06
6.000000000000000000e+01 5.074725716388293506e+01 1.680213659071051367e-06
6.100000000000000000e+01 1.032989831192456762e+02 1.140521486516469170e-06
6.200000000000000000e+01 2.102710670452662214e+02 2.459419819042938338e-07
6.300000000000000000e+01 7.133649061081177578e-01 6.410534101054500772e-05
6.400000000000000000e+01 1.452095610920428825e+00 5.207415301359221067e-05
6.500000000000000000e+01 2.955824775230527113e+00 1.890680484641639968e-05
6.600000000000000000e+01 6.016752640915018269e+00 1.780827850736714505e-05
6.700000000000000000e+01 1.224744871391589385e+01 8.028795832881567562e-06
6.800000000000000000e+01 2.493039168337628553e+01 1.130519905659675097e-06
6.900000000000000000e+01 5.074725716388293506e+01 2.194373598270653977e-06
7.000000000000000000e+01 1.032989831192456762e+02 9.458113446346429051e-07
7.100000000000000000e+01 2.102710670452662214e+02 7.364905829991293790e-08
7.200000000000000000e+01 7.133649061081177578e-01 5.457412190258127368e-05
7.300000000000000000e+01 1.452095610920428825e+00 5.217879896145406472e-05
7.400000000000000000e+01 2.955824775230527113e+00 2.128080259878100072e-05
7.500000000000000000e+01 6.016752640915018269e+00 1.705163409660817765e-05
7.600000000000000000e+01 1.224744871391589385e+01 7.576375240807794962e-06
7.700000000000000000e+01 2.493039168337628553e+01 3.307396301183407103e-06
7.800000000000000000e+01 5.074725716388293506e+01 2.007386794978586688e-06
7.900000000000000000e+01 1.032989831192456762e+02 1.254390867361672712e-06
8.000000000000000000e+01 2.102710670452662214e+02 5.196147262695097073e-07
8.100000000000000000e+01 7.133649061081177578e-01 2.495199980544540990e-05
8.200000000000000000e+01 1.452095610920428825e+00 5.246303031218979264e-05
8.300000000000000000e+01 2.955824775230527113e+00 7.953156795685362748e-06
8.400000000000000000e+01 6.016752640915018269e+00 2.044829499054879454e-05
8.500000000000000000e+01 1.224744871391589385e+01 7.044540101328969541e-06
8.600000000000000000e+01 2.493039168337628553e+01 4.318399597949434298e-06
8.700000000000000000e+01 5.074725716388293506e+01 1.740492500428418047e-06
8.800000000000000000e+01 1.032989831192456762e+02 1.518953141925563428e-06
8.900000000000000000e+01 2.102710670452662214e+02 9.497420326195279632e-08
9.000000000000000000e+01 7.133649061081177578e-01 6.592874832018551744e-05
9.100000000000000000e+01 1.452095610920428825e+00 5.667503698158714683e-05
9.200000000000000000e+01 2.955824775230527113e+00 2.892256393703274440e-05
9.300000000000000000e+01 6.016752640915018269e+00 1.598015766627997771e-05
9.400000000000000000e+01 1.224744871391589385e+01 1.036729185409001433e-05
9.500000000000000000e+01 2.493039168337628553e+01 5.048970544608479824e-06
9.600000000000000000e+01 5.074725716388293506e+01 2.581328543618623369e-06
9.700000000000000000e+01 1.032989831192456762e+02 1.641577586050770405e-06
9.800000000000000000e+01 2.102710670452662214e+02 7.115308612193219425e-07
9.900000000000000000e+01 7.133649061081177578e-01 5.647709725376651754e-05
1.000000000000000000e+02 1.452095610920428825e+00 3.142885079965238715e-05
1.010000000000000000e+02 2.955824775230527113e+00 2.286190964511179200e-05
1.020000000000000000e+02 6.016752640915018269e+00 2.097464585787276719e-05
1.030000000000000000e+02 1.224744871391589385e+01 8.485481248825430285e-06
1.040000000000000000e+02 2.493039168337628553e+01 6.582753975298460013e-06
1.050000000000000000e+02 5.074725716388293506e+01 2.711128405617119184e-06
1.060000000000000000e+02 1.032989831192456762e+02 1.969125153553027809e-06
1.070000000000000000e+02 2.102710670452662214e+02 8.268898136693369473e-07
1.080000000000000000e+02 7.133649061081177578e-01 1.044858079023040841e-04
1.090000000000000000e+02 1.452095610920428825e+00 8.631780629362018856e-05
1.100000000000000000e+02 2.955824775230527113e+00 5.951810907897170047e-05
1.110000000000000000e+02 6.016752640915018269e+00 1.911132022084983701e-05
1.120000000000000000e+02 1.224744871391589385e+01 1.844869436592099318e-05
1.130000000000000000e+02 2.493039168337628553e+01 7.684457510981966246e-06
1.140000000000000000e+02 5.074725716388293506e+01 5.056487538753487581e-06
1.150000000000000000e+02 1.032989831192456762e+02 2.214029781511871572e-06
1.160000000000000000e+02 2.102710670452662214e+02 8.456907309617343891e-07
1.170000000000000000e+02 7.133649061081177578e-01 1.172279120001290021e-04
1.180000000000000000e+02 1.452095610920428825e+00 1.043590236582635889e-04
1.190000000000000000e+02 2.955824775230527113e+00 5.396267814423233390e-05
1.200000000000000000e+02 6.016752640915018269e+00 2.927706866343199354e-05
1.210000000000000000e+02 1.224744871391589385e+01 1.907877908856073722e-05
1.220000000000000000e+02 2.493039168337628553e+01 1.316433411656095264e-05
1.230000000000000000e+02 5.074725716388293506e+01 5.645380526151640140e-06
1.240000000000000000e+02 1.032989831192456762e+02 3.432951766822567823e-06
1.250000000000000000e+02 2.102710670452662214e+02 2.037083758201839164e-06
1.260000000000000000e+02 7.133649061081177578e-01 1.822832151461798865e-04
1.270000000000000000e+02 1.452095610920428825e+00 1.477201960573228307e-04
1.280000000000000000e+02 2.955824775230527113e+00 8.081950366930891016e-05
1.290000000000000000e+02 6.016752640915018269e+00 4.574802025321415475e-05
1.300000000000000000e+02 1.224744871391589385e+01 2.683650693256368750e-05
1.310000000000000000e+02 2.493039168337628553e+01 1.611008176554281255e-05
1.320000000000000000e+02 5.074725716388293506e+01 8.300484477979590107e-06
1.330000000000000000e+02 1.032989831192456762e+02 3.607611625026062900e-06
1.340000000000000000e+02 2.102710670452662214e+02 2.310550494039724302e-06
1.350000000000000000e+02 7.133649061081177578e-01 -1.800194350174000917e-05
1.360000000000000000e+02 1.452095610920428825e+00 5.826952310447388868e-05
1.370000000000000000e+02 2.955824775230527113e+00 1.519790545422957927e-05
1.380000000000000000e+02 6.016752640915018269e+00 6.102298647855991027e-06
1.390000000000000000e+02 1.224744871391589385e+01 4.355087392218532838e-06
1.400000000000000000e+02 2.493039168337628553e+01 -3.773818177028027001e-06
1.410000000000000000e+02 5.074725716388293506e+01 -8.899251224646531736e-07
1.420000000000000000e+02 1.032989831192456762e+02 1.525367224800098675e-08
1.430000000000000000e+02 2.102710670452662214e+02 -6.966273186420236807e-07
1.440000000000000000e+02 7.133649061081177578e-01 -6.037100270918013822e-05
1.450000000000000000e+02 1.452095610920428825e+00 -3.024954117734730765e-05
1.460000000000000000e+02 2.955824775230527113e+00 1.656711091178615631e-05
1.470000000000000000e+02 6.016752640915018269e+00 3.934794552964770249e-06
1.480000000000000000e+02 1.224744871391589385e+01 2.703904238482751162e-06
1.490000000000000000e+02 2.493039168337628553e+01 -4.495818078453250873e-07
1.500000000000000000e+02 5.074725716388293506e+01 6.976394691218448672e-07
1.510000000000000000e+02 1.032989831192456762e+02 -1.241402208935239148e-07
1.520000000000000000e+02 2.102710670452662214e+02 2.751317284294913622e-07
1.530000000000000000e+02 7.133649061081177578e-01 -4.137084782378493093e-05
1.540000000000000000e+02 1.452095610920428825e+00 -9.836543305306690764e-06
1.550000000000000000e+02 2.955824775230527113e+00 -2.324878048788361036e-08
1.560000000000000000e+02 6.016752640915018269e+00 2.095232356899656482e-06
1.570000000000000000e+02 1.224744871391589385e+01 -5.003590887513714175e-07
1.580000000000000000e+02 2.493039168337628553e+01 3.872098020964500080e-07
1.590000000000000000e+02 5.074725716388293506e+01 -6.092910284932272805e-07
1.600000000000000000e+02 1.032989831192456762e+02 -2.167504283790883476e-08
1.610000000000000000e+02 2.102710670452662214e+02 2.306511345652164316e-07
1.620000000000000000e+02 7.133649061081177578e-01 4.107773905631353684e-05
1.630000000000000000e+02 1.452095610920428825e+00 -1.643263224959268801e-05
1.640000000000000000e+02 2.955824775230527113e+00 4.368543330910642611e-06
1.650000000000000000e+02 6.016752640915018269e+00 6.553626031727558431e-06
1.660000000000000000e+02 1.224744871391589385e+01 -5.449700503560137297e-07
1.670000000000000000e+02 2.493039168337628553e+01 -8.543068220356853831e-07
1.680000000000000000e+02 5.074725716388293506e+01 1.133296077850463087e-06
1.690000000000000000e+02 1.032989831192456762e+02 -4.299463366617962702e-07
1.700000000000000000e+02 2.102710670452662214e+02 5.433370110606516390e-07
1.710000000000000000e+02 7.133649061081177578e-01 7.095337196221570414e-05
1.720000000000000000e+02 1.452095610920428825e+00 -2.341509579979238003e-05
1.730000000000000000e+02 2.955824775230527113e+00 3.571774167422552380e-06
1.740000000000000000e+02 6.016752640915018269e+00 -1.775787475689744005e-06
1.750000000000000000e+02 1.224744871391589385e+01 -6.282702909995226941e-07
1.760000000000000000e+02 2.493039168337628553e+01 -1.173316135786826516e-06
1.770000000000000000e+02 5.074725716388293506e+01 7.573616317999007392e-07
1.780000000000000000e+02 1.032989831192456762e+02 -2.794220007300461554e-07
1.790000000000000000e+02 2.102710670452662214e+02 4.218685187512133799e-07
1.800000000000000000e+02 7.133649061081177578e-01 2.345736734151786671e-05
1.810000000000000000e+02 1.452095610920428825e+00 9.229428206267803155e-06
1.820000000000000000e+02 2.955824775230527113e+00 -1.279515101007953964e-05
1.830000000000000000e+02 6.016752640915018269e+00 2.048496401282687426e-06
1.840000000000000000e+02 1.224744871391589385e+01 4.410438659525052747e-06
1.850000000000000000e+02 2.493039168337628553e+01 2.251908834640030858e-06
1.860000000000000000e+02 5.074725716388293506e+01 7.073904542463831331e-07
1.870000000000000000e+02 1.032989831192456762e+02 4.321837086151563546e-07
1.880000000000000000e+02 2.102710670452662214e+02 3.340115884660097883e-07
1.890000000000000000e+02 7.133649061081177578e-01 5.746368203464415788e-07
1.900000000000000000e+02 1.452095610920428825e+00 1.352752597940271502e-05
1.910000000000000000e+02 2.955824775230527113e+00 6.695680527839919451e-07
1.920000000000000000e+02 6.016752640915018269e+00 2.555843379409299525e-06
1.930000000000000000e+02 1.224744871391589385e+01 5.292332208763403769e-06
1.940000000000000000e+02 2.493039168337628553e+01 2.537510734433951951e-06
1.950000000000000000e+02 5.074725716388293506e+01 1.470049862112048629e-06
1.960000000000000000e+02 1.032989831192456762e+02 4.131343584358736524e-07
1.970000000000000000e+02 2.102710670452662214e+02 3.719117975836796110e-07
1.980000000000000000e+02 7.133649061081177578e-01 1.392657564265628297e-06
1.990000000000000000e+02 1.452095610920428825e+00 2.859494732675325407e-05
2.000000000000000000e+02 2.955824775230527113e+00 6.055380730301012485e-06
2.010000000000000000e+02 6.016752640915018269e+00 -2.103755625403600133e-06
2.020000000000000000e+02 1.224744871391589385e+01 4.093935594892029073e-06
2.030000000000000000e+02 2.493039168337628553e+01 1.924200399155681694e-06
2.040000000000000000e+02 5.074725716388293506e+01 1.066841916388411092e-06
2.050000000000000000e+02 1.032989831192456762e+02 5.242157470925343749e-07
2.060000000000000000e+02 2.102710670452662214e+02 6.721071036053502284e-07
2.070000000000000000e+02 7.133649061081177578e-01 -2.009476627532593153e-05
2.080000000000000000e+02 1.452095610920428825e+00 1.347784485190050202e-05
2.090000000000000000e+02 2.955824775230527113e+00 2.384387096296055994e-06
2.100000000000000000e+02 6.016752640915018269e+00 3.483770823490987030e-06
2.110000000000000000e+02 1.224744871391589385e+01 4.096130020157987631e-07
2.120000000000000000e+02 2.493039168337628553e+01 1.774664588901323105e-06
2.130000000000000000e+02 5.074725716388293506e+01 2.804570422687820844e-08
2.140000000000000000e+02 1.032989831192456762e+02 1.915810317247598040e-07
2.150000000000000000e+02 2.102710670452662214e+02 3.596542242781732871e-07
2.160000000000000000e+02 7.133649061081177578e-01 8.098710942726153881e-06
2.170000000000000000e+02 1.452095610920428825e+00 8.596682858167697773e-06
2.180000000000000000e+02 2.955824775230527113e+00 4.926452683463318297e-06
2.190000000000000000e+02 6.016752640915018269e+00 -2.600329262648695909e-06
2.200000000000000000e+02 1.224744871391589385e+01 3.931421961165215154e-06
2.210000000000000000e+02 2.493039168337628553e+01 1.650914856462733084e-06
2.220000000000000000e+02 5.074725716388293506e+01 9.654520324736593073e-07
2.230000000000000000e+02 1.032989831192456762e+02 2.658520049071754349e-08
2.240000000000000000e+02 2.102710670452662214e+02 3.285244437946893847e-07
2.250000000000000000e+02 7.133649061081177578e-01 3.413330212268700267e-05
2.260000000000000000e+02 1.452095610920428825e+00 2.053923621620917805e-05
2.270000000000000000e+02 2.955824775230527113e+00 2.285753354692256334e-05
2.280000000000000000e+02 6.016752640915018269e+00 9.625222056364342904e-06
2.290000000000000000e+02 1.224744871391589385e+01 5.377565530736542669e-06
2.300000000000000000e+02 2.493039168337628553e+01 2.829341994161358753e-06
2.310000000000000000e+02 5.074725716388293506e+01 1.824980983402829434e-06
2.320000000000000000e+02 1.032989831192456762e+02 3.765810127654554881e-07
2.330000000000000000e+02 2.102710670452662214e+02 3.476637951079860927e-07
2.340000000000000000e+02 7.133649061081177578e-01 -4.482899477249542092e-05
2.350000000000000000e+02 1.452095610920428825e+00 1.457397921809414213e-05
2.360000000000000000e+02 2.955824775230527113e+00 1.392612922245786522e-05
2.370000000000000000e+02 6.016752640915018269e+00 1.271827639215464934e-05
2.380000000000000000e+02 1.224744871391589385e+01 5.216254409514630576e-06
2.390000000000000000e+02 2.493039168337628553e+01 4.462661296904348129e-06
2.400000000000000000e+02 5.074725716388293506e+01 2.067406022467599805e-06
2.410000000000000000e+02 1.032989831192456762e+02 1.047083004649979065e-06
2.420000000000000000e+02 2.102710670452662214e+02 8.978150138255644113e-07
2.430000000000000000e+02 7.133649061081177578e-01 -8.379855880798132948e-06
2.440000000000000000e+02 1.452095610920428825e+00 3.827390276199784438e-05
2.450000000000000000e+02 2.955824775230527113e+00 2.735518777719018799e-05
2.460000000000000000e+02 6.016752640915018269e+00 1.079923909555052390e-05
2.470000000000000000e+02 1.224744871391589385e+01 7.738218877527184471e-06
2.480000000000000000e+02 2.493039168337628553e+01 3.986231638873296733e-06
2.490000000000000000e+02 5.074725716388293506e+01 2.527188211537037347e-06
2.500000000000000000e+02 1.032989831192456762e+02 1.449987167735318641e-06
2.510000000000000000e+02 2.102710670452662214e+02 6.221376896856168089e-07
2.520000000000000000e+02 7.133649061081177578e-01 5.061441843280642302e-05
2.530000000000000000e+02 1.452095610920428825e+00 -1.603198185726572835e-06
2.540000000000000000e+02 2.955824775230527113e+00 1.744374874466402656e-05
2.550000000000000000e+02 6.016752640915018269e+00 7.578669592274986476e-06
2.560000000000000000e+02 1.224744871391589385e+01 8.870332002947394761e-06
2.570000000000000000e+02 2.493039168337628553e+01 5.180169631097042475e-06
2.580000000000000000e+02 5.074725716388293506e+01 3.132831554141768117e-06
2.590000000000000000e+02 1.032989831192456762e+02 1.925296071626865212e-06
2.600000000000000000e+02 2.102710670452662214e+02 1.316078655916821005e-06
2.610000000000000000e+02 7.133649061081177578e-01 -5.333744544507591350e-05
2.620000000000000000e+02 1.452095610920428825e+00 3.752181808012453924e-05
2.630000000000000000e+02 2.955824775230527113e+00 1.295446181755188019e-05
2.640000000000000000e+02 6.016752640915018269e+00 1.834770081958581752e-05
2.650000000000000000e+02 1.224744871391589385e+01 1.379622344530249279e-05
2.660000000000000000e+02 2.493039168337628553e+01 7.039309594016770786e-06
2.670000000000000000e+02 5.074725716388293506e+01 5.050046005454048465e-06
2.680000000000000000e+02 1.032989831192456762e+02 3.257333551678639385e-06
2.690000000000000000e+02 2.102710670452662214e+02 1.348178424955955607e-06
