2.464265811552610675e-06
1.876503455730699418e-06
1.294851083372455834e-06
8.024482364264546150e-07
4.607508078671220366e-07
2.634332876859163050e-07
1.565497189837926552e-07
0.000000000000000000e+00
0.000000000000000000e+00
4.620843146895016835e-06
3.418121759666812063e-06
2.280277844425982711e-06
1.375781070926767724e-06
7.882859006353485378e-07
4.608945033393198858e-07
2.779632265843323869e-07
0.000000000000000000e+00
0.000000000000000000e+00
5.721794540674944754e-06
4.171605012386774701e-06
2.748275534939388750e-06
1.650380252213760887e-06
9.511930198948116164e-07
5.607918640542041988e-07
3.371515927157014709e-07
0.000000000000000000e+00
0.000000000000000000e+00
6.801834880934612912e-06
4.899617081635644105e-06
3.199005252190833332e-06
1.918047776446975242e-06
1.112293875144596826e-06
6.593007565674400475e-07
3.940546607507984384e-07
0.000000000000000000e+00
0.000000000000000000e+00
7.268114221451734261e-06
5.207395265173939466e-06
3.390288705085727748e-06
2.034707496814129803e-06
1.183980222440561373e-06
7.024461765814119305e-07
4.176195549700314222e-07
0.000000000000000000e+00
0.000000000000000000e+00
1.231128729673149241e-05
8.711063642829115184e-06
5.537485492119859631e-06
3.247044845525648679e-06
1.886898951080731552e-06
1.143745931389466190e-06
6.935337734512151049e-07
0.000000000000000000e+00
0.000000000000000000e+00
1.734451766703156759e-05
1.205030905665152534e-05
7.542926255440654782e-06
4.412279302078623051e-06
2.595925140860531401e-06
1.589926476489158693e-06
9.558107963158628305e-07
0.000000000000000000e+00
0.000000000000000000e+00
2.196394500805354656e-05
1.509552397942235476e-05
9.370825434142222618e-06
5.481584534839714764e-06
3.250834135963546688e-06
2.001097069903479700e-06
1.194571584508027715e-06
0.000000000000000000e+00
0.000000000000000000e+00
2.369845883143355343e-05
1.623138029794189485e-05
1.005283510568635280e-05
5.885346354537292922e-06
3.500722026161740796e-06
2.156822794900087845e-06
1.283091587555384598e-06
0.000000000000000000e+00
0.000000000000000000e+00
2.803000727502394769e-05
1.896599438211813264e-05
1.165239302010242757e-05
6.839884143661512523e-06
4.110060729926836152e-06
2.543274964749002955e-06
1.498065666710537897e-06
0.000000000000000000e+00
0.000000000000000000e+00
3.916395315203845452e-05
2.609527382842672015e-05
1.589478565823058536e-05
9.381926368242083554e-06
5.712378032861992896e-06
3.545380492280735874e-06
2.054625298809033632e-06
0.000000000000000000e+00
0.000000000000000000e+00
4.386343555232142638e-05
2.907700015389088347e-05
1.767733548675775262e-05
1.046725246471543375e-05
6.402634266255766584e-06
3.972724755617563468e-06
2.285432658498985261e-06
0.000000000000000000e+00
0.000000000000000000e+00
5.992793345973710295e-05
3.919132391723020804e-05
2.370804338143184999e-05
1.416060194010336962e-05
8.768274857955959831e-06
5.437597893648779082e-06
3.069140741058798334e-06
0.000000000000000000e+00
0.000000000000000000e+00
7.028734556252438231e-05
4.566109614380813367e-05
2.761126073636781654e-05
1.660407420720192261e-05
1.034482541588415587e-05
6.396931091403953323e-06
3.562555713137593474e-06
0.000000000000000000e+00
0.000000000000000000e+00
8.573281514078544903e-05
5.527031183066716800e-05
3.348508190288721154e-05
2.034851393417217555e-05
1.276890357521601436e-05
7.846890418077622910e-06
4.282301501720005854e-06
0.000000000000000000e+00
0.000000000000000000e+00
0.000000000000000000e+00
0.000000000000000000e+00
0.000000000000000000e+00
2.082414242372113332e-07
1.802149316281391897e-07
1.293988053354236047e-07
7.905879065945057853e-08
4.524179201122896583e-08
2.760931083397297851e-08
0.000000000000000000e+00
0.000000000000000000e+00
0.000000000000000000e+00
4.100311250167911353e-07
3.340032068890030420e-07
2.260893038016002649e-07
1.337964519897157636e-07
7.780646466875902568e-08
4.963417808246857377e-08
0.000000000000000000e+00
0.000000000000000000e+00
0.000000000000000000e+00
5.148558851279850846e-07
4.076925093595004918e-07
2.710166145405221641e-07
1.602670449635584120e-07
9.475528006029975973e-08
6.124195563564136548e-08
0.000000000000000000e+00
0.000000000000000000e+00
0.000000000000000000e+00
6.173691742861080328e-07
4.780817685737748886e-07
3.140699103690051359e-07
1.863659212181324979e-07
1.118768200416242830e-07
7.280413994624214040e-08
0.000000000000000000e+00
0.000000000000000000e+00
0.000000000000000000e+00
6.610442158722819263e-07
5.071986306898119811e-07
3.322753904189166226e-07
1.980595890772035122e-07
1.197928378108061525e-07
7.793107858347199175e-08
0.000000000000000000e+00
0.000000000000000000e+00
0.000000000000000000e+00
1.154094005201426184e-06
8.589829845904673603e-07
5.382310214594477906e-07
3.113003546578305115e-07
1.902955868871304340e-07
1.288449486358274887e-07
0.000000000000000000e+00
0.000000000000000000e+00
0.000000000000000000e+00
1.646165958113853700e-06
1.183519331725758060e-06
7.265375315325584494e-07
4.230133835376247988e-07
2.658203244347463220e-07
1.823211978628249320e-07
0.000000000000000000e+00
0.000000000000000000e+00
0.000000000000000000e+00
2.096579835621936676e-06
1.477797756957731231e-06
8.978390107676127627e-07
5.261386484683285838e-07
3.362483801184204038e-07
2.317934981338043617e-07
0.000000000000000000e+00
0.000000000000000000e+00
0.000000000000000000e+00
2.265022972816133844e-06
1.586465126146284382e-06
9.615203027149205636e-07
5.656165112215820204e-07
3.635005878151448081e-07
2.506160412860078633e-07
0.000000000000000000e+00
0.000000000000000000e+00
0.000000000000000000e+00
2.689773187041761157e-06
1.843500564716424641e-06
1.107986188647853891e-06
6.590430493154186051e-07
4.318657810323809152e-07
2.988112933117347454e-07
0.000000000000000000e+00
0.000000000000000000e+00
0.000000000000000000e+00
3.769649948247945820e-06
2.516265506681735707e-06
1.500865492568542356e-06
9.092801779315188790e-07
6.103901061637711890e-07
4.218797902540034714e-07
0.000000000000000000e+00
0.000000000000000000e+00
0.000000000000000000e+00
4.221248387992724099e-06
2.794322035334195652e-06
1.665869140139403072e-06
1.017719094658231665e-06
6.885648073816696446e-07
4.744971828384781946e-07
0.000000000000000000e+00
0.000000000000000000e+00
0.000000000000000000e+00
5.763169597512476827e-06
3.731768893522256929e-06
2.222176866617217051e-06
1.388146391505180757e-06
9.583880974995795293e-07
6.555520004548117662e-07
0.000000000000000000e+00
0.000000000000000000e+00
0.000000000000000000e+00
6.741810354893581276e-06
4.322426452862133990e-06
2.583357190538222566e-06
1.638342712124422135e-06
1.141626850218724442e-06
7.738078856822463098e-07
0.000000000000000000e+00
0.000000000000000000e+00
0.000000000000000000e+00
8.178685381196595873e-06
5.189114780340089490e-06
3.129552095820169342e-06
2.028644598151745677e-06
1.427494649394953949e-06
9.519980068268917952e-07
