-2.977615748478123032e-07 2.845760239500949373e-07 -1.475191078990152302e-07 2.837052921693591676e-07 -6.759226720061630497e-07 1.137666988219851030e-06 -1.156690187871141364e-06 1.783483393737314128e-07 -5.849269611676118041e-07 -6.540355882336573558e-07 -3.373314039215435481e-07
-2.125722295404675462e-07 1.166569794086826903e-07 6.276780770015115887e-08 2.166262899058954239e-07 -4.164112460493905189e-07 7.457660361411259136e-07 -3.873063862659805857e-07 1.156622120714886627e-07 -1.436955938264078681e-08 -5.015948952883041829e-07 9.720469914990493555e-08
-1.220271942408236963e-07 -2.426493235592521054e-08 7.859098859106233179e-08 2.133846701675131750e-07 -2.094266074519274049e-07 3.161590554604761805e-07 9.972436543809469220e-08 -1.126088869554030798e-07 4.613021877910497476e-08 -8.828890144121632774e-08 -1.959167196286524081e-08
-5.377407498600644302e-08 -5.910899761805009607e-08 2.664663024402111776e-08 1.062648973129609153e-07 -1.326398288175782368e-07 3.572366397169583976e-08 2.047877968877682919e-07 -6.924222107450512380e-08 2.990965389998783218e-08 1.651981050809993835e-07 -1.838884333245330117e-08
-1.717135635013155379e-08 -3.439469388122465245e-08 -7.097383539717477084e-09 8.027967210745251805e-09 -6.323174180404730252e-08 -2.004181254915002960e-08 1.105420954544518890e-07 -4.258776248868093592e-08 8.084532241284913628e-08 2.895466934173906950e-08 -9.362264633922714339e-08
-3.661117617378409055e-09 -1.155482374983659789e-08 -9.357929948776249305e-09 -1.337951259521970654e-08 -7.263346715994457723e-09 7.209453215687307378e-09 2.038327372477657150e-08 -4.142032012739932625e-08 3.108033541032853654e-08 -3.091057432257762311e-08 -8.646887996449288810e-08
-4.456739819296748706e-10 -2.126995012877290373e-09 -3.400960871173640826e-09 -4.903896757507198201e-09 5.175015019909461285e-09 7.549490718421404440e-09 7.158605765354544096e-09 -3.929685128036413352e-09 3.122022701727692825e-09 -1.998216362355553204e-08 -1.110119228455212548e-08
-3.791619392773349514e-12 2.775350715840047282e-11 -4.299026277891069697e-10 6.463686823553030647e-11 1.608804819282334206e-09 1.103336156042660926e-09 5.729976140592700414e-09 6.183097162226302898e-09 1.936323785217424420e-09 -9.194580857507797470e-09 2.733908031387376931e-09
2.858069147922116316e-11 1.392124664925325128e-10 1.944504979329122931e-10 5.484647559330422280e-10 -5.642979955677406528e-10 -5.589787601726751159e-10 1.784766528738420816e-09 1.056487662859704885e-09 7.949165335389091661e-10 -4.883986393861502493e-09 2.925225432975937299e-09
-5.553737548308352304e-07 4.823340426537346850e-07 -1.356182897180624732e-07 3.501783642853426071e-07 -1.125037689933877173e-06 1.718083363870414458e-06 -1.555142547461279971e-06 6.081481370546762625e-07 -5.174956166471071260e-07 -9.632994006463974150e-07 -5.171759881316125429e-07
-3.708769800651112637e-07 1.268875546747997703e-07 1.449621741189133347e-07 3.623364579565922249e-07 -5.794537355890788173e-07 1.061652629808835932e-06 -3.107036400023729811e-07 1.959137431055204370e-07 9.625873251917172816e-08 -7.131160572875367816e-07 1.082026910753931158e-07
-1.960907957335307470e-07 -9.361081221934571632e-08 1.207088350201205359e-07 3.360641937310773888e-07 -3.005164677381997377e-07 3.618832031959302951e-07 3.190327116011976809e-07 -2.333425174355096085e-07 5.208073543437108159e-09 -9.911243977119439364e-08 -1.024287881081442918e-07
-7.793259364596096387e-08 -1.096081123072008444e-07 1.960016223488765150e-08 1.213689702093525343e-07 -2.041190682407465743e-07 2.454522550351536359e-09 3.244526185580905182e-07 -8.108323868085301264e-08 6.226583841737376867e-08 2.448614966820342749e-07 -5.685194452385078249e-08
-2.198234222413862032e-08 -5.166034079398211229e-08 -2.195854395978715237e-08 -1.496651529911699822e-08 -7.506403933776964644e-08 -1.672875939588578215e-08 1.289828556456359759e-07 -6.587957232404109721e-08 1.283129867532466745e-07 -4.175864936094446135e-10 -1.742703297338598830e-07
-4.002551292951041028e-09 -1.469980478174575004e-08 -1.516986684943188335e-08 -2.284683297201289892e-08 2.303973900771832157e-09 2.270834941159528494e-08 2.175829542362739532e-08 -5.021019467846063223e-08 2.870531977671771852e-08 -5.342503727513654949e-08 -9.279727774744797783e-08
-3.821455442155601460e-10 -1.862743521946114120e-09 -4.067215771814045049e-09 -4.876861775186471116e-09 8.920724337321973072e-09 9.840912676573666563e-09 1.549325786334668042e-08 6.772586342484218914e-09 3.635262875101027914e-09 -2.919721821189910567e-08 -5.243152919168638625e-09
3.526851810649608095e-11 2.797096018453308472e-10 -1.296165090470937010e-10 9.553643974576006792e-10 1.087325959835933898e-09 1.208974904045552217e-10 8.967700450494234728e-09 8.348164351227977731e-09 3.014637352584284522e-09 -1.505500782746809460e-08 5.182363135954039396e-09
5.190472977404662000e-11 2.184451192648065306e-10 4.102176574534361047e-10 8.845479704142489126e-10 -1.361325522457005584e-09 -1.106887330604241569e-09 1.872593890925312980e-09 2.377621111572662134e-10 6.852152159851858845e-10 -7.445744428689177699e-09 5.998710010452297088e-09
-6.804451390924056075e-07 5.479165875064762630e-07 -1.188253391728375419e-07 3.449564816943004460e-07 -1.236996923601039261e-06 1.872258408859337325e-06 -1.631418885099176929e-06 7.045995378699958095e-07 -4.802173675138767565e-07 -1.027387906344060619e-06 -5.585886995043154957e-07
-4.401839839290009714e-07 1.092322257221365931e-07 1.739924141254111226e-07 4.054343525042558219e-07 -6.035505794249736985e-07 1.142635648572435886e-06 -2.730019903505731612e-07 2.106120184861358916e-07 1.308967336976892017e-07 -7.730740336579428921e-07 1.226393855654409840e-07
-2.249594907731178350e-07 -1.299093033639628472e-07 1.272701591680601729e-07 3.652170682480039834e-07 -3.262178452305853276e-07 3.710068533484397655e-07 3.760233717894843648e-07 -2.588782229279487954e-07 -1.842116692224840421e-08 -9.944103031431171841e-08 -1.280739555936284378e-07
-8.633639239407582410e-08 -1.299921879698074153e-07 1.199014903206940656e-08 1.169851822079789579e-07 -2.246440935366463029e-07 -1.711146862362322056e-09 3.572519363262038042e-07 -8.133508175298923104e-08 7.696304388213524610e-08 2.618941393722347734e-07 -6.881997675744672840e-08
-2.348249461651574646e-08 -5.759278125690242404e-08 -2.809765924619765846e-08 -2.406974658137707250e-08 -7.504081728623751430e-08 -1.030181566991958465e-08 1.375216963852883559e-07 -7.174577293213310948e-08 1.365760745500386273e-07 -9.924039607835345376e-09 -1.919934496631268262e-07
-4.092021730283695811e-09 -1.550363982696829693e-08 -1.703472932016893451e-08 -2.545563350010594901e-08 6.362734435261138868e-09 2.764616036974957458e-08 2.555376682268548141e-08 -4.896515676793617567e-08 2.806705950162208785e-08 -6.113326408310499682e-08 -9.453650163679093698e-08
-3.509512615896080703e-10 -1.706682798990488315e-09 -4.154633143292129705e-09 -4.612930132166767430e-09 9.790876303340630181e-09 1.017501599762773891e-08 1.863301598686295636e-08 1.041773197987614159e-08 4.026471720207244585e-09 -3.343568957643923867e-08 -2.438129542995844438e-09
5.527667736046434364e-11 3.779698954239457662e-10 3.000962721599301978e-11 1.308430304430674966e-09 6.472044155073062711e-10 -2.882832585465669492e-10 9.769460198360732290e-09 8.701427806938144820e-09 3.295391777995024003e-09 -1.749502577084632084e-08 7.422474914467346130e-09
5.911055519947833395e-11 2.433211158253480943e-10 4.779713272774696216e-10 9.864004535122843243e-10 -1.608076916913313117e-09 -1.277707590190507287e-09 1.902867274687879966e-09 -4.348621760711533240e-12 6.509212670160717064e-10 -8.173566530535638721e-09 7.043333077231584053e-09
-7.980406617867431870e-07 5.979879826534819567e-07 -1.032800770735319464e-07 3.185733004139681686e-07 -1.290808283663355621e-06 1.979292157867839544e-06 -1.709881500931799079e-06 7.720303429166834425e-07 -4.642189311731477194e-07 -1.053812445318660478e-06 -6.224845013372565126e-07
-5.026644986159857986e-07 8.618740119527210522e-08 1.947522989456970571e-07 4.309408538871703878e-07 -6.083205761434852194e-07 1.199349303169148154e-06 -2.604015089499596728e-07 2.342267095389463651e-07 1.701342747932042628e-07 -8.166245364638705058e-07 1.262071736024720414e-07
-2.500207140712066791e-07 -1.641166655432395139e-07 1.289590789899235428e-07 3.833637234474255852e-07 -3.436869885876642145e-07 3.811741515076368386e-07 4.143764646413732616e-07 -2.724764484867053909e-07 -3.417576014148080392e-08 -1.038162891647738594e-07 -1.501686967317318929e-07
-9.343007459769125037e-08 -1.478504029727658226e-07 4.237583915095224131e-09 1.115549191717383845e-07 -2.399853851114201514e-07 -7.613882414044302693e-10 3.866952526534966361e-07 -8.187045971178969991e-08 8.748011532739224334e-08 2.763138705988955190e-07 -7.396648883980259339e-08
-2.472415816716706178e-08 -6.246443260899944543e-08 -3.342746540982759880e-08 -3.164954644616727587e-08 -7.385702042519169697e-08 -4.220121193918493351e-09 1.472465820480972975e-07 -7.246743117157841972e-08 1.436949959365323798e-07 -1.336946344587325562e-08 -2.062478486471470811e-07
-4.157747666885760327e-09 -1.611140443704044076e-08 -1.857570080644515405e-08 -2.754147849498771918e-08 9.971420203739366269e-09 3.172992063741425070e-08 2.941339896441531362e-08 -4.675994386650733472e-08 2.831650285539489104e-08 -6.542461192992078264e-08 -9.548789347039407952e-08
-3.146064096458578672e-10 -1.545875264402739555e-09 -4.181624858345637140e-09 -4.347170884620987607e-09 1.040998392797431533e-08 1.035959311063776514e-08 2.133168849476475769e-08 1.326349501700390022e-08 5.082349574226504030e-09 -3.510723532874094810e-08 7.158960704499965387e-10
7.611218524476526092e-11 4.732467318043119127e-10 1.593597460635969299e-10 1.591379270943365775e-09 3.529876911387703841e-10 -6.124215581362077710e-10 1.060828397206342499e-08 9.105985504740672301e-09 4.323398761094516741e-09 -1.716257994794609449e-08 9.211541846408794117e-09
6.858650098681176390e-11 2.749820200320135114e-10 5.235642701602127829e-10 1.052698153869800429e-09 -1.716276103945531777e-09 -1.380928655662439335e-09 2.102030889953412840e-09 -6.070806965480495489e-11 1.395339238939104456e-09 -6.450877613862096212e-09 7.675652476419546180e-09
-8.439877520945964547e-07 6.089851479947330739e-07 -9.930738856078721049e-08 2.907038013170616373e-07 -1.273167728061754606e-06 1.995145106407744829e-06 -1.755258253580307591e-06 7.934161388726699743e-07 -4.549574559288129972e-07 -1.056706873349463377e-06 -6.874226046929903908e-07
-5.252547071778810448e-07 7.284938169133702707e-08 1.976369354685620967e-07 4.303030438743349986e-07 -5.975691976488903106e-07 1.211481846938365511e-06 -2.730074172798796784e-07 2.567860344505969887e-07 1.947787197181296070e-07 -8.313460591780150787e-07 1.153773875378514052e-07
-2.584960710997729441e-07 -1.774642215633406635e-07 1.267660336360157574e-07 3.850632100283924708e-07 -3.460930793122090350e-07 3.882279739120651544e-07 4.216296350662426322e-07 -2.728301161593184659e-07 -4.025237645491272536e-08 -1.114543423471335271e-07 -1.559944061677294419e-07
-9.572316033833991344e-08 -1.539267382994258309e-07 9.587179018922903467e-10 1.089843269359033493e-07 -2.435011400228659549e-07 2.409020440563084504e-09 3.984690019446790872e-07 -8.045148626490811128e-08 8.798065557247696294e-08 2.774711730121812627e-07 -7.097126972211672738e-08
-2.511975075384781763e-08 -6.396588025518116245e-08 -3.521112130295602990e-08 -3.397490266235940951e-08 -7.286519835550575107e-08 -2.048134720935547036e-09 1.517115101175294195e-07 -6.973545449852541130e-08 1.444738471775798500e-07 -1.583230302312121325e-08 -2.097210198367721938e-07
-4.178092452698925677e-09 -1.628173937396721938e-08 -1.901109413494155418e-08 -2.810260184769480965e-08 1.096079068138123888e-08 3.287377730618251060e-08 3.061154442634646031e-08 -4.590936355927082550e-08 2.742309528105644138e-08 -7.030545188668287854e-08 -9.477315551923322571e-08
-3.035954606053720345e-10 -1.499856290546944275e-09 -4.138626889145632657e-09 -4.206028925164929340e-09 1.034001200735539833e-08 1.028026800954519887e-08 2.183770283685981127e-08 1.371692209821427719e-08 4.236989861359598788e-09 -3.902619343472845701e-08 2.858398757154238784e-09
7.788045123193292839e-11 4.888855373850641622e-10 2.170618411964193042e-10 1.706389426695645769e-09 1.219069430048270594e-10 -7.712209763371237609e-10 1.064212701804233718e-08 9.021174185654182935e-09 3.594967731219835458e-09 -2.014495057445910803e-08 1.015680588511687728e-08
6.686101029710793812e-11 2.699125287123030232e-10 5.513937377659315853e-10 1.095078923793685678e-09 -1.875221707465718812e-09 -1.460466927425812483e-09 1.932687641746072089e-09 -2.739024539146266764e-10 6.000051344438869077e-10 -8.942523815845680079e-09 8.169253657508052913e-09
-1.426540430414690958e-06 9.858761688331980475e-07 2.192883663087715826e-08 3.976097249723403309e-07 -2.206819079575965098e-06 2.803145364628274958e-06 -1.774635517229111935e-06 1.584442948441923101e-06 6.772448410115847433e-07 -7.302458288012629110e-07 -7.969911273124228652e-07
-8.619147358608018291e-07 1.130163062267370857e-09 3.979945078929543319e-07 7.686697720686785765e-07 -7.761519544696786766e-07 1.582327154280299833e-06 3.996911166513176462e-07 1.451311053487167822e-07 5.766987736829153557e-07 -1.033682778617832126e-06 -5.918379544237934805e-08
-3.981657343693078552e-07 -3.672324450108230846e-07 1.826551541947139416e-07 5.804149371059862245e-07 -4.865192413665478346e-07 3.299238222234530351e-07 8.876025572767969651e-07 -5.068060341851113575e-07 -3.380210284468302900e-07 -1.247315857527534106e-08 -2.676819011443901456e-07
-1.326289480923626292e-07 -2.552513301515894828e-07 -4.343714013240746115e-08 5.988061348163387017e-08 -3.588296560169874713e-07 -7.763360312087426978e-08 5.148777048985941173e-07 -2.177780351273338269e-09 2.382268016249350048e-07 3.008007874746497777e-07 -1.402721267495218071e-07
-2.998018798991993222e-08 -9.229970613172864976e-08 -7.097240107582789222e-08 -9.627979692843544760e-08 -5.815968284265858841e-08 4.863736097292188526e-08 1.278142301501555119e-07 -1.405823701406122602e-07 1.509313087122121380e-07 -8.756192711449006864e-08 -2.965286250779423943e-07
-4.015632166419728286e-09 -1.839077211715730832e-08 -2.741975907121055549e-08 -3.907071724761169759e-08 3.626901461050173293e-08 6.219263299069957684e-08 5.121152855806187763e-08 -3.716417015350967599e-08 1.870790496467116301e-08 -1.091811485746164949e-07 -8.662898635841224068e-08
-1.848495977145711199e-10 -2.633266195794322159e-10 -4.230171652203526219e-09 -1.425161053858235273e-09 1.556736296596737053e-08 1.050753229163288810e-08 4.329838370551344983e-08 4.378980513831591863e-08 7.939101197464607035e-09 -5.242320965878298767e-08 1.245327170130985174e-08
1.860422879680958382e-10 9.995667414373293475e-10 1.273042447676202886e-09 3.799241171292905057e-09 -3.311057227398562268e-09 -3.428578630342102526e-09 1.359861525201881418e-08 8.149854982302930994e-09 5.264981862956328789e-09 -3.417249255859189248e-08 2.068807038305912166e-08
1.053849906727448165e-10 3.756909532542141587e-10 8.990139278040138470e-10 1.531063363368874570e-09 -3.215976148451632775e-09 -2.336488640867015361e-09 1.494990454151253015e-09 -2.217147906414104977e-09 1.876382887466802272e-10 -1.246295691389457460e-08 1.406465242581029390e-08
-1.970136246056722805e-06 1.182322712550580845e-06 1.580048842531226346e-07 2.934830898777703834e-07 -2.470517676282147584e-06 2.993243314938656698e-06 -1.355940577635749822e-06 1.775972227867101030e-06 1.254204227304579259e-06 -4.103464115880407346e-07 -7.702063228080615023e-07
-1.139808013471674564e-06 -1.591452971173811694e-07 5.103598468929660046e-07 9.083177020527632692e-07 -6.860378665387297980e-07 1.660092249039148318e-06 8.365556481155037523e-07 1.203222810898239503e-07 6.220757248871724317e-07 -1.117241786058845746e-06 -9.702976681638579885e-10
-4.981739910440347465e-07 -5.425061403071791775e-07 1.676376583331065712e-07 6.067960164231489750e-07 -5.313248206601006476e-07 2.821649228691514068e-07 1.044229855165776713e-06 -4.521786047600828263e-07 -5.939429990385922601e-07 -1.960866660352932493e-08 -4.038919370967658753e-07
-1.553295795137835142e-07 -3.297060263478133170e-07 -9.646282887653628903e-08 -2.124947641381911775e-08 -3.966971357761316659e-07 -7.710669486367852631e-08 5.889753258683602369e-07 9.767124768271150444e-08 3.097534687863204426e-07 1.966074611259280040e-07 -2.844466648778364168e-07
-3.247102517262326134e-08 -1.083196985352227646e-07 -9.596588329082256812e-08 -1.377800556835291398e-07 -2.869228008222373781e-08 1.061244322130703404e-07 1.841130038337989441e-07 -1.151895071922393414e-07 8.055989038709510187e-08 -1.919331047665518030e-07 -3.730431121432160362e-07
-3.923553835623946869e-09 -1.800339217514928592e-08 -3.145355036330810162e-08 -4.353606074724478931e-08 5.554911204950319214e-08 7.551103007903601892e-08 1.077693223159709309e-07 2.500375840743457610e-08 -2.806024301233176491e-09 -1.673595263913872026e-07 -1.402081159725796951e-07
-4.507992356851733997e-11 5.668232694707023266e-10 -3.663755835789508251e-09 1.928387397049895289e-09 1.561290413833646282e-08 8.940185844678414427e-09 4.553597035613558694e-08 4.751215408876454474e-08 1.964958389579653147e-08 -5.436808058548124986e-08 4.239182797762609929e-08
2.815330590091950925e-10 1.392263485154566579e-09 2.183621267241972655e-09 4.967811443730308942e-09 -6.285655654201211706e-09 -5.681243505367188285e-09 1.741242600676726797e-08 8.716993139465545405e-09 2.433009461806340082e-09 -4.927093289518740205e-08 2.645041689515276875e-08
1.209343205028924170e-10 4.258259579110274945e-10 1.051547575462699198e-09 1.711326296534186628e-09 -3.776431654540333652e-09 -2.695069564547136715e-09 1.452523260966612151e-09 -2.968376992122131936e-09 -4.164595215598499171e-11 -1.352075414302483190e-08 1.704945518971861699e-08
-2.459464692063223970e-06 1.336839635625608527e-06 2.795584365296763712e-07 1.660540959489145860e-07 -2.603383667132649671e-06 3.110445798086394198e-06 -1.147497577905807952e-06 1.643869308272714639e-06 1.889505499169723183e-06 -3.336667991298152419e-07 -8.446998455243833874e-07
-1.384985924888924497e-06 -3.155722735321081615e-07 5.986946332206044312e-07 1.007992603221288292e-06 -5.780719694002927193e-07 1.712812913350701579e-06 1.049242280187237377e-06 -1.037022226897359733e-07 8.668385880515157084e-07 -1.350463869872190398e-06 1.014527876175118309e-07
-5.845455720539020083e-07 -7.012120756314678532e-07 1.454657343182054777e-07 6.200227912981797136e-07 -5.621021043507863004e-07 2.599516980282868906e-07 1.060992185658107130e-06 -4.989155186539402105e-07 -6.582697384425485960e-07 2.804287389528462338e-08 -1.984336779660719747e-07
-1.744338209538052563e-07 -3.960338029120948790e-07 -1.448708786701932812e-07 -8.861537892683211755e-08 -4.274537274644525168e-07 -6.923084694779145062e-08 5.655594033699603223e-07 9.548246719317194597e-08 4.586442406580451376e-07 1.487765278531540184e-07 -5.306274410300654633e-08
-3.435960961201081396e-08 -1.225289501810625590e-07 -1.182967789951526781e-07 -1.674714623667414033e-07 -5.442339510234771782e-09 1.546579223888258050e-07 1.513271526104869112e-07 -1.840996772988457510e-07 5.551394521739737421e-08 -1.533840615249951253e-07 -1.970916815440953027e-07
-3.780071260658930406e-09 -1.799094734399702558e-08 -3.510606864129534651e-08 -4.439034107025903572e-08 6.909960042461680407e-08 8.794523558703717985e-08 1.075911114010262329e-07 4.048235116425345360e-08 1.887434283717879156e-08 -1.301034923272652562e-07 -9.621022480637717022e-08
6.298757721355329384e-11 1.521499806235449075e-09 -2.920095120487481992e-09 3.859563889138454600e-09 1.595569128058420484e-08 7.578513066517531932e-09 6.588228393514597457e-08 6.578552575051948709e-08 1.477478540548636412e-08 -8.839089287339723734e-08 3.783189815870870044e-08
3.729589742019641207e-10 1.656399888590798683e-09 2.919865257265642142e-09 6.350650140779297183e-09 -9.172163500737802273e-09 -7.625520886335342955e-09 1.412867589604617717e-08 2.220188216958494414e-09 4.558613474793384458e-09 -5.183517515876593010e-08 4.688970256618571632e-08
1.333127162578037565e-10 4.652652153741802392e-10 1.179279030895376594e-09 1.849938806300511428e-09 -4.225333870200018890e-09 -2.985497846822605931e-09 1.415935131131573350e-09 -3.283974773122530437e-09 -1.289502203356968816e-10 -1.413064520733998584e-08 1.844943012195643577e-08
-2.636669445280289671e-06 1.381621644460497496e-06 3.203706022556566882e-07 9.191414262591042766e-08 -2.594814660128438937e-06 3.089775157355325271e-06 -1.031100843687935969e-06 1.647741974994226227e-06 1.938169977156848234e-06 -1.292551958500861513e-07 -4.607393207132008449e-07
-1.470835483269328982e-06 -3.765935197374445320e-07 6.220106679698829863e-07 1.029485042258240444e-06 -5.179351518815376587e-07 1.699853216328196611e-06 1.130935979586970975e-06 -7.065336685589074960e-08 9.206543134530001060e-07 -1.087057954551246591e-06 8.030408652122005310e-08
-6.137552625477628429e-07 -7.570175422570409515e-07 1.320739974914584002e-07 6.151837649377001239e-07 -5.696046477768751545e-07 2.440313285029709122e-07 1.063448360935365292e-06 -4.549183819842554643e-07 -7.520089511617737920e-07 2.451412999841336312e-07 -4.795547156950303242e-07
-1.807221744662467888e-07 -4.177726647387712743e-07 -1.630841024718183479e-07 -1.150338488182861850e-07 -4.359782787182904680e-07 -5.085536937545645577e-08 5.587105968599055679e-07 9.753392136338086300e-08 4.256256355739704116e-07 2.204426857138351696e-07 -1.956786878938726161e-07
-3.502798601910250199e-08 -1.267754958677627197e-07 -1.254493093977026513e-07 -1.786197544605188184e-07 5.199667422228454948e-09 1.813255006478658598e-07 1.545013124567099562e-07 -1.811926408403392340e-07 6.019074102391213676e-08 -1.480323929534077430e-07 -2.548118208791479114e-07
-3.722580374023391998e-09 -1.790274025195981817e-08 -3.618996685165404557e-08 -4.451611402502238194e-08 7.460218892631568339e-08 9.210486462853958045e-08 1.159854427061375708e-07 4.285588735742511040e-08 7.680636532614862374e-09 -1.467162610556231933e-07 -6.099397119933256535e-08
1.041568036517610937e-10 1.814214454553070776e-09 -2.642872239969518441e-09 4.641153425068453022e-09 1.579418575507155468e-08 4.889670240888824970e-09 7.162856717663263082e-08 7.362125857031632691e-08 2.281907611340030292e-08 -9.394716160086933307e-08 3.275433996339388882e-08
3.987978183644162566e-10 1.751594265225637730e-09 3.164178027592145313e-09 6.701179728391176360e-09 -1.005796421125421903e-08 -8.103714957167743610e-09 1.459254299762494637e-08 2.284262518584210264e-09 4.125153576298299128e-09 -5.529585861294719528e-08 5.190133774080720797e-08
1.334719024006590999e-10 4.755528142427460359e-10 1.188436143434829498e-09 1.901625046799181867e-09 -4.245805404536009937e-09 -2.980752172528125774e-09 1.492844715545635422e-09 -3.560839300346737635e-09 -2.568664993465893382e-10 -1.417371499073826403e-08 1.965160594894535680e-08
-3.069972797025015148e-06 1.402405741860044516e-06 4.598101810959279710e-07 -1.592503133132194667e-07 -2.267166521646201513e-06 2.765928762613522906e-06 -4.060518736497739867e-07 1.142587020651115926e-06 1.910420104781837705e-06 -1.109650825017707848e-07 -5.961190702258163715e-07
-1.659313854249446337e-06 -5.894585627492927141e-07 6.487390182607293497e-07 9.812322741368682384e-07 -2.338221716236994221e-07 1.502109421814393339e-06 1.199593931433126303e-06 -1.920699533640649651e-07 6.682875292863946447e-07 -1.164227487347967785e-06 2.699098855667285354e-07
-6.654037558743090809e-07 -8.971450492975016846e-07 5.944818359285273233e-08 4.987868457076054198e-07 -5.341769828023114542e-07 1.991215863588607100e-07 8.698916030235341296e-07 -2.666426396858123504e-07 -8.442908791098575898e-07 2.026205226199710864e-07 -2.767091665438621601e-07
-1.875924184289296866e-07 -4.613519876949551630e-07 -2.166658423807221443e-07 -2.068427866102118916e-07 -4.097005907543971811e-07 1.093891608703427239e-08 5.074758672118113134e-07 1.193915677947710994e-07 4.760534478428605041e-07 1.449060883855024181e-07 -1.656636188182870687e-07
-3.472906768627145169e-08 -1.307100133253705324e-07 -1.385051836815876767e-07 -1.937076523929443660e-07 3.779134286282975492e-08 2.309659822197180892e-07 1.990944235695201202e-07 -1.498866546377261690e-07 1.954956088979242284e-08 -1.659704711676788915e-07 -1.577575479257169348e-07
-3.522981519123109469e-09 -1.588014163712221093e-08 -3.624520591189929330e-08 -4.060994083251079741e-08 8.397336007648028816e-08 9.060031375436292500e-08 1.459846558366460328e-07 8.992402316043831955e-08 1.782022207155773519e-08 -1.501044315648248961e-07 -6.305853200436675140e-08
2.619220659857511441e-10 2.548871044584333585e-09 -1.183652339296725691e-09 7.292524609185824344e-09 1.139667302394369184e-08 2.805243195617496519e-09 7.174989087846706977e-08 7.032849688285335397e-08 1.730784053834870430e-08 -1.068515300414644186e-07 5.200090416355510659e-08
5.051888611976090256e-10 1.944611957885540665e-09 3.988697518720533783e-09 7.351634599864505742e-09 -1.345299786649822476e-08 -1.012084430089963015e-08 1.107851950978189068e-08 -5.102057486968095449e-09 2.400039297432855826e-09 -6.242438435090239740e-08 6.655105119248963805e-08
1.557519825887492119e-10 4.841687433485910725e-10 1.347488982506270063e-09 1.884395249948922799e-09 -4.985181223620916958e-09 -3.389528804064258891e-09 2.767431455038117925e-10 -5.881569014748165529e-09 -6.146943750548790112e-10 -1.488080481295275506e-08 2.277763640051121792e-08
-4.173907223297014236e-06 1.525611598062898325e-06 7.437606807718012437e-07 -8.195044407593948541e-07 -1.584471401827895243e-06 2.295517464116534068e-06 3.313986408440037518e-07 3.974016722188637070e-07 2.070583300702145536e-06 5.134442732068035302e-07 -5.847619665732914743e-07
-2.159061681635749070e-06 -1.064626721339749351e-06 7.230780540955179156e-07 9.047680102141083320e-07 3.580892293136908779e-07 1.208852005959152630e-06 1.325617111949137459e-06 -2.591307534153555727e-07 6.840010733464587216e-07 -1.162288699535613084e-06 5.055626828247518746e-07
-8.186615777869287099e-07 -1.248210937521849735e-06 -8.465510458494437609e-08 3.134769057192326903e-07 -4.811018193633083866e-07 1.540594023589478592e-07 6.204423441803629558e-07 4.583318453868795701e-08 -1.040933344581122728e-06 1.623624045326030061e-07 -2.328770453671844739e-07
-2.156005395585510696e-07 -5.831593963515726398e-07 -3.378830398229257192e-07 -3.929001690529069041e-07 -3.911830036453993753e-07 1.501518023513253410e-07 4.947868335980036711e-07 1.607335526920807414e-07 5.555473411184050526e-07 -5.218619308255168733e-09 -1.104045925368425243e-07
-3.657999073157306973e-08 -1.479731795516452534e-07 -1.764279072193863543e-07 -2.409324112385567562e-07 1.114585306717686433e-07 3.462706903730052566e-07 2.881381265119415942e-07 -8.253670630236924101e-08 -7.157901123541275232e-08 -1.753091029050385818e-07 -4.080328112966719672e-08
-3.218311158335636530e-09 -1.316576763555819888e-08 -4.002239792339384439e-08 -3.764420046912487699e-08 1.121293376998429229e-07 1.017801956811232487e-07 2.118142450492343545e-07 1.878341058009226144e-07 2.063153437824768722e-08 -1.680455248775723647e-07 -5.050077426205847192e-08
5.811695588412148543e-10 4.355370354346025687e-09 1.295710687143324763e-09 1.302611552792358334e-08 6.043597194127277419e-09 -3.335719132314805581e-09 8.563510760592694107e-08 8.048624403960020168e-08 2.231565179267476076e-08 -1.402671906184574758e-07 8.447587289913757724e-08
6.560195373381964747e-10 2.436475717430450495e-09 5.322653271080200176e-09 9.185071099822894369e-09 -1.824313838698286823e-08 -1.339009299308346412e-08 1.063107711726045769e-08 -1.043172220083623112e-08 7.295569940678705009e-10 -7.515592021880322401e-08 9.136141601938983509e-08
1.387979979725076145e-10 5.025444917577927656e-10 1.290726007575605960e-09 1.938799205218032029e-09 -4.545329674343197871e-09 -3.168253134510767853e-09 1.635908882796523286e-09 -4.214101688333159139e-09 -5.115813316670320144e-10 -1.298433524861623353e-08 2.267716626981560397e-08
-4.617168479763595258e-06 1.532907146671310936e-06 8.441920126908932598e-07 -1.177677663352644950e-06 -1.094388671689364267e-06 1.987390300781284331e-06 4.910123672656727418e-07 1.014488657185500506e-07 2.064831840178611295e-06 8.995228117970082171e-07 -8.534935046824091360e-07
-2.350630885565757982e-06 -1.273887950156655047e-06 7.231103178973807508e-07 8.126119433036764284e-07 6.581909962245546343e-07 1.041350425122557353e-06 1.248831212691782762e-06 -1.813806626257293567e-07 7.612326991513073395e-07 -1.090445602788818498e-06 4.647343497068322719e-07
-8.742141492539309552e-07 -1.387057938379522554e-06 -1.568699319971656881e-07 2.125911462698511191e-07 -4.347866886017740749e-07 1.566913280880915145e-07 4.781940985888688575e-07 2.141091137545208703e-07 -1.086252768307945457e-06 1.308213428818552398e-07 -2.426530179488371535e-07
-2.250193705894029565e-07 -6.277574080177524593e-07 -3.863284358478728663e-07 -4.654414349275973524e-07 -3.732815030511068619e-07 2.265112045528751415e-07 5.002382025099450427e-07 1.649344680493170012e-07 5.555663093249869501e-07 -9.510898903966637556e-08 -3.701316519000432468e-08
-3.709771611998526880e-08 -1.531242124234925614e-07 -1.898367349182754019e-07 -2.555820298079606586e-07 1.423229364330276240e-07 3.878091639714975147e-07 3.298923000376773257e-07 -3.444383171761295317e-08 -9.890929454791129241e-08 -1.456737128095375239e-07 -1.920841288263812409e-08
-3.074377032855597967e-09 -1.190921098974691637e-08 -4.090882947788912754e-08 -3.578725808534364266e-08 1.213391929859538486e-07 1.045149018926448423e-07 2.366090890754518453e-07 2.243912456422868489e-07 2.050084958075029394e-08 -1.794520799425102693e-07 -3.734236765709723616e-08
7.341621435902637071e-10 5.061197161864830323e-09 2.515351518193322309e-09 1.523566652937911557e-08 2.669283041634405500e-09 -6.406246471248914586e-09 8.904087334419804422e-08 8.084214365545940579e-08 2.322833933259573553e-08 -1.551853068442682792e-07 1.038478902798448785e-07
7.180533889209002105e-10 2.612012692816451292e-09 5.854333882556757271e-09 9.816098342435008890e-09 -2.021615621899227928e-08 -1.469333109953228489e-08 9.916692835903726585e-09 -1.326207291668268611e-08 -1.143251582327190622e-10 -7.982693976417207605e-08 1.016328214682907875e-07
1.399834929198544553e-10 5.105265114849305006e-10 1.316115610638491292e-09 1.954657679090550025e-09 -4.608052229283158904e-09 -3.201472223613129541e-09 1.682057645076002631e-09 -4.340353454023632809e-09 -6.319105266323101455e-10 -1.264851875772834442e-08 2.328666001792308100e-08
-6.120859210167207028e-06 1.475132604023439490e-06 1.192103700495113908e-06 -2.542023843649054413e-06 9.203502847797033343e-07 6.984167395080291918e-07 9.287442205272369274e-07 -1.248353027775971701e-06 1.531542248097619293e-06 2.282225629515512770e-06 -1.853373500470509355e-06
-2.980809284282729557e-06 -2.027860180614219661e-06 6.770441647169769114e-07 3.744649801281372305e-07 1.769081695284972923e-06 3.258601120252519748e-07 7.400041510833218157e-07 -9.893579947848776255e-09 9.756498609105187547e-07 -9.776734461094809132e-07 4.877712748209341635e-07
-1.047882515692124546e-06 -1.856793226500181156e-06 -4.341877955646743496e-07 -2.071394923878281673e-07 -2.459473478656250691e-07 1.772001046927004790e-07 -1.675657071314939794e-07 8.026057279492434298e-07 -1.123799380210462507e-06 -8.577234504462393515e-08 -1.020673670652330029e-07
-2.519691410361983830e-07 -7.699263937917869748e-07 -5.536040729559575016e-07 -7.160594838265726529e-07 -2.849232465003802753e-07 5.217970504626861555e-07 5.048949654532825625e-07 1.779679442401984049e-07 5.697221953332733357e-07 -2.966867837836016892e-07 1.303139976867871784e-07
-3.806776050514925083e-08 -1.654175140875568328e-07 -2.309424452288691003e-07 -2.954746966856986078e-07 2.525796200846489792e-07 5.275717276562382166e-07 5.031056134623219425e-07 1.652113416376772688e-07 -2.277084038085588539e-07 -1.010461615125451474e-07 1.790486914841368695e-07
-2.590337107522418413e-09 -7.071363101827310657e-09 -4.270584827397629740e-08 -2.705552265328252241e-08 1.508158578810164147e-07 1.083711310736754785e-07 3.207797759694943458e-07 3.610770907034554961e-07 2.392354106304778466e-08 -1.973190444390770734e-07 -1.320472531472218196e-08
1.292156918787868497e-09 7.418547979176606516e-09 7.052189560812081184e-09 2.280452688322810356e-08 -1.098116979016035613e-08 -1.754330957360753176e-08 9.631405640054270609e-08 7.418542992019848195e-08 2.554348621868002982e-08 -2.077215531473867027e-07 1.726669973396350748e-07
9.168964469653709940e-10 3.142069177438814064e-09 7.538864197072520395e-09 1.165972272873548600e-08 -2.655661668818262918e-08 -1.881252400975123346e-08 6.953328266180732952e-09 -2.321478924583433787e-08 -2.948267578172092734e-09 -9.346992007466590484e-08 1.360306298183702653e-07
1.386115107115736750e-10 5.225564876851672958e-10 1.356607458612243625e-09 1.933193968663993838e-09 -4.624600015022743847e-09 -3.206997216397223747e-09 1.875652516124283174e-09 -4.433112678906782959e-09 -1.191928522275002141e-09 -1.095416205911408896e-08 2.482411580221435753e-08
-7.022898269422856312e-06 1.327931657120976404e-06 1.344080182497651842e-06 -3.671868759550169302e-06 2.718758179203224101e-06 -3.533285185058213669e-07 7.624289817525359281e-07 -1.987243632046022363e-06 1.121471953085612360e-06 3.743959482302251263e-06 -1.762063572723054883e-06
-3.335151209740275662e-06 -2.523411355914951073e-06 5.621414415215019489e-07 -7.187105352156861304e-08 2.578185826892967735e-06 -1.906629955658787302e-07 1.201699263568208806e-07 4.054285007627668370e-07 1.159990618998923072e-06 -7.360608122190415245e-07 6.889670199300098769e-07
-1.138188895395102771e-06 -2.131316297016177870e-06 -6.309237327959518572e-07 -5.158168912714957325e-07 -7.976189804942027996e-08 2.843124713377142592e-07 -6.508455357948833364e-07 1.203181177352850830e-06 -1.140526625322846021e-06 -2.751723034725067264e-07 3.757662630907783001e-07
-2.645857268060576983e-07 -8.435645874595121256e-07 -6.491608948165727801e-07 -8.507651211923931287e-07 -2.004844188848696887e-07 7.371730306353400469e-07 5.822636243439654597e-07 2.162872114577551410e-07 4.329639721298075768e-07 -5.242691753019542165e-07 2.335962360893936390e-07
-3.842257359516988304e-08 -1.687339622626241288e-07 -2.515104058816396367e-07 -3.105879547190421596e-07 3.209830804131612398e-07 5.976516689083264984e-07 6.259641953260233507e-07 3.498714525671941413e-07 -3.023286956906741184e-07 6.465164315967239171e-09 2.983363317182041479e-07
-2.236380536695311308e-09 -4.141216126645729906e-09 -4.282636197635034915e-08 -2.077735743352713517e-08 1.630021682971819000e-07 1.068549974855520966e-07 3.657746841793892134e-07 4.276195689844042558e-07 4.815121674246928578e-08 -2.045473389746282372e-07 -6.113556539529358658e-09
1.670371678124716959e-09 8.752668806505809597e-09 1.009399598832419971e-08 2.706780641799622983e-08 -2.119927131913212730e-08 -2.488464187738534609e-08 9.602133845059998673e-08 6.302109461270467301e-08 2.377706884928937050e-08 -2.381330527076420380e-07 2.252912353402242640e-07
1.006540229262983223e-09 3.386118998789639527e-09 8.345954210145243868e-09 1.245805717010521603e-08 -2.944571014089980278e-08 -2.068683105201709163e-08 5.534412951040721660e-09 -2.787185946682114994e-08 -5.278675623167297048e-09 -9.913868739774827688e-08 1.535959879410173410e-07
1.368553331690727901e-10 5.274506083946184153e-10 1.363480308165774002e-09 1.894660639576231761e-09 -4.558504792168946109e-09 -3.203630538313989559e-09 1.954393233518822216e-09 -4.313768228030528310e-09 -1.601654209796004526e-09 -1.028415456945401260e-08 2.551902352313879040e-08
-8.281252888205438534e-06 9.795147987415502420e-07 1.460790458807004037e-06 -5.679601301783249848e-06 5.965760957862539000e-06 -2.595358332415788786e-06 -7.192645922539805044e-08 -3.094383638022637922e-06 2.306840618730761840e-06 6.233462216141708465e-06 -4.505938625637693157e-06
-3.800970488486909900e-06 -3.267571309295866345e-06 2.858074826084381798e-07 -9.342349479204492306e-07 3.855923974180290688e-06 -1.208412902302703474e-06 -1.090194465780622488e-06 1.680895164364360226e-06 2.949532632446416950e-06 -1.054013793842728479e-06 1.734468067407262304e-06
-1.249296118715433617e-06 -2.505252583175019469e-06 -9.496337336485009739e-07 -1.003169604090229809e-06 1.793393565629921577e-07 4.268580161291161454e-07 -1.331322089407218336e-06 1.946006707180850387e-06 -1.524077002992012751e-06 -7.159776629598825897e-07 5.790735531609925687e-08
-2.787303278278910384e-07 -9.297136056070565285e-07 -7.760406542822225332e-07 -1.023298849807377583e-06 -6.904798090742937841e-08 1.088386323277870928e-06 7.105944564358372329e-07 2.171914787039395580e-07 1.005102128410935451e-07 -4.403198643977216183e-07 5.793433808940771873e-07
-3.865148198536991584e-08 -1.712512683783186586e-07 -2.759265479910870772e-07 -3.185768645824922667e-07 4.275064190511503886e-07 6.964218703049855870e-07 8.314808731175732240e-07 6.666649843271839882e-07 -2.684718938127334656e-07 1.063135775954262000e-07 4.230923876468070527e-07
-1.700854282171061264e-09 7.894430415154267418e-10 -4.104083972111700805e-08 -1.195042434641652942e-08 1.737592656031134215e-07 1.010159034260099020e-07 4.185982459383141304e-07 5.231329681776874678e-07 5.349195181012326928e-08 -2.502359200141658510e-07 5.967043390066536618e-08
2.259838323925510798e-09 1.045049527212599032e-08 1.465721693494119911e-08 3.252171079781594418e-08 -3.682326596946394312e-08 -3.657232709609114302e-08 9.014593300986516824e-08 4.089078373282259707e-08 1.759605901337587428e-08 -2.869496021662924703e-07 3.148319999336218095e-07
1.095116732762302810e-09 3.657947997286246181e-09 9.150872015809032105e-09 1.322025126366006902e-08 -3.253062254525637053e-08 -2.279218600582186551e-08 4.536406497367289844e-09 -3.321572277293291204e-08 -6.801598643855492873e-09 -1.011706498824292733e-07 1.715873834057451131e-07
1.351545105939934597e-10 5.230688260285352663e-10 1.374065125071274937e-09 1.854860862710548908e-09 -4.477397091996720041e-09 -3.089944297703941325e-09 1.958324549394423678e-09 -4.436396960782372866e-09 -2.282708297505828919e-09 -8.441288878404632355e-09 2.538927357125684793e-08
4.624288212642828461e-08 -3.094314849719981220e-07 -8.087626401173219959e-07 1.076113692193335765e-06 9.541572304021972625e-07 3.768921454048714595e-07 1.797725793767042045e-07 -1.275560277039629833e-06 1.534953220651857125e-06 1.156634365813222469e-06 -1.213741536019115020e-06
-4.105303550785558718e-09 -5.538945072555183108e-08 -3.235073806105845884e-07 3.601568124986730121e-07 2.222650275570290137e-07 1.832351702994561311e-07 -2.074018722425921738e-07 -4.240797904993588530e-07 -1.660272967707978082e-07 5.185413970926812020e-07 -5.528904715854448053e-07
-2.589216331356668050e-08 3.961945137470580343e-08 -1.203645488313861917e-07 8.363150465837786968e-08 -2.987813882324226892e-08 1.568299266565660797e-07 -2.686544866534691709e-07 -4.205042588646550318e-08 -1.990321138917475168e-07 6.941418544085686410e-08 -1.797536881780383739e-07
-3.099819756654252366e-08 4.391120219508353972e-08 -2.642716668265844718e-08 2.781516809155753021e-08 -5.102158696701563962e-08 1.609269101779430538e-07 -1.771706908440124600e-07 4.174112436350076429e-08 -3.144677734177435514e-08 -1.273754515171606335e-07 -1.893312795103727303e-08
-2.486496582877580727e-08 1.414079343739705984e-08 9.389663737550219966e-09 4.306392092526728790e-08 -3.001004860770035766e-08 1.035722522478943930e-07 -5.755665855857538142e-08 -1.919623525784210732e-08 -3.021810270074766306e-08 -5.757982471099164758e-08 -6.018298088459207118e-09
-1.456341297700116164e-08 -4.467264602941474479e-09 9.137637786543552370e-09 3.296849901891361513e-08 -2.949521662551972624e-08 2.792427899684079412e-08 2.195221221605556422e-08 9.781948109817887682e-10 -6.844245905382886680e-09 2.718072322997215639e-08 2.902039744494413273e-08
-6.391720100683988576e-09 -6.530229223343226159e-09 1.641738956046573889e-09 1.016342656778878466e-08 -1.982176446284540579e-08 9.024969632361756485e-10 2.299255890017683748e-08 -6.294757589138719799e-09 1.267584013433136946e-08 1.428383230185989430e-08 -1.049283030767380473e-08
-2.169419002731899457e-09 -3.588156525749571088e-09 -1.140214144736994091e-09 1.180699463486504182e-11 -6.271051625024508402e-09 1.598692767205247176e-09 7.026779849118422295e-09 -1.160164698613904059e-08 7.559029615365761219e-09 -3.506252129641338148e-10 -1.876236658377214302e-08
-6.114287322505905864e-10 -1.254583115718409820e-09 -8.978509790899130170e-10 -9.203551801760061964e-10 -4.664197623689432150e-10 1.893457015373708449e-09 2.611863589588605633e-09 -3.023770186180934006e-09 2.244184265440344919e-09 -2.098839563289949448e-09 -6.110987698824867826e-09
5.460921963883014099e-08 -4.235859355819527368e-07 -1.243393804770974471e-06 1.570826355548474219e-06 1.356928673945433842e-06 6.090743807218795350e-07 -1.173339954128110678e-07 -1.720805675074757483e-06 1.359968418191525902e-06 2.065882098322556136e-06 -1.250086399337886319e-06
-2.688339631121598232e-08 -2.640254260014188929e-08 -4.897516946131563033e-07 4.741217502867056791e-07 2.125289305369558584e-07 2.883404670000239285e-07 -4.627588998754489694e-07 -4.727819703763216258e-07 -4.110499189161423506e-07 7.541516659761756316e-07 -7.762755856238781326e-07
-5.927280916976674995e-08 9.771409272233652893e-08 -1.696608453189903248e-07 8.441471365884084424e-08 -1.002139736538865997e-07 2.682941977695202278e-07 -4.613857196375274072e-07 6.180017022195229696e-08 -2.698928599516892527e-07 1.164026046057752326e-07 -2.165227284066230420e-07
-6.118532005455932216e-08 7.218555866032591505e-08 -2.283362739449520719e-08 4.773189586346658731e-08 -7.461870519286890241e-08 2.567919296606715322e-07 -2.357087124754029301e-07 8.747777607443162291e-08 -1.004101523636715719e-09 -2.095929332524873508e-07 -4.725946501962130566e-08
-4.400029438419584566e-08 1.212117169804423231e-08 2.172477650566030846e-08 7.728904413106159212e-08 -4.684803848592025874e-08 1.354628692121547555e-07 -4.039437476286619268e-08 -3.374297980239473086e-08 -7.054721026906272599e-08 -5.590046174172657101e-08 7.291851039138060310e-09
-2.330639914829203522e-08 -1.287633122451034786e-08 1.205917345372755925e-08 4.579388348812061494e-08 -5.047420261612612519e-08 2.319067399152347096e-08 5.134067104647653300e-08 4.715741059973066027e-09 2.767633117640538572e-09 4.245107818590838521e-08 2.434502923773763059e-08
-9.335495693429096981e-09 -1.165732985529996938e-08 -2.005664964414387942e-10 8.855463932689396479e-09 -2.728944347271775149e-08 8.268843134610046548e-10 2.915550920907919615e-08 -1.470823392873355641e-08 2.064995287683655014e-08 1.464620509577429999e-08 -2.883686166117000394e-08
-2.947694594160906000e-09 -5.391370211645938531e-09 -2.597652423029615629e-09 -2.020774168354551654e-09 -6.332313498726116114e-09 4.559339571536350720e-09 8.198049524078360003e-09 -1.538781659993081427e-08 8.786470710668760031e-09 -3.024913847287333598e-09 -2.292220198920951816e-08
-8.005462001970403361e-10 -1.672008236803321972e-09 -1.432665261310845685e-09 -1.492794529968246902e-09 4.555362426187380259e-10 2.997820170274967271e-09 4.595488097268593404e-09 -1.724305080637977334e-09 2.647834189179987525e-09 -3.403048763063304174e-09 -7.786311045644799872e-09
5.087022854404800946e-08 -4.517427975827879718e-07 -1.428334969437068423e-06 1.744970058667059237e-06 1.478092337565094566e-06 6.602312419741006794e-07 -1.922433534694351021e-07 -1.820293877627567437e-06 1.331040126920091359e-06 2.273421031241293289e-06 -1.223927587454403593e-06
-4.389174644501310308e-08 4.515102150236057198e-10 -5.560013276184227767e-07 4.959731461827386669e-07 1.875756324561338861e-07 3.028999880941270676e-07 -5.241986414414446033e-07 -4.695548751922724239e-07 -4.870314274397975346e-07 7.996810442179208249e-07 -8.256716348950553801e-07
-7.858351883894762998e-08 1.245085763899990000e-07 -1.843810454114855282e-07 7.807015688375367216e-08 -1.216872236007592408e-07 2.974086559882134929e-07 -5.057913961136789284e-07 9.255201640716525597e-08 -2.837355628140290692e-07 1.304221269074421280e-07 -2.093026538226907987e-07
-7.605382645039630129e-08 8.037734280035754297e-08 -1.955132451350645986e-08 5.491961243045043108e-08 -7.707331118693329715e-08 2.809000522137647626e-07 -2.462377696612968532e-07 9.476579558459829144e-08 4.667199124554089992e-09 -2.334013142505592685e-07 -5.201551609245167281e-08
-5.227835697184715070e-08 8.905667161583757309e-09 2.521817984951566572e-08 8.685898087705083273e-08 -5.178271608036513939e-08 1.409774126789134158e-07 -3.572074945941232250e-08 -3.530339581783918784e-08 -8.171946992919339548e-08 -5.354417164271629637e-08 9.517223190784840840e-09
-2.674027421374895735e-08 -1.696434300872658247e-08 1.193206269102081784e-08 4.779425092922425788e-08 -5.686492051017216701e-08 2.211330063377040364e-08 5.861408996782961607e-08 5.050689646774716448e-09 6.271372059659495755e-09 4.559090797765511025e-08 2.292015654122984621e-08
-1.042733947382730432e-08 -1.371048755108233845e-08 -1.289621654825231594e-09 7.614655059761959509e-09 -2.885093870378986037e-08 1.889533561777729347e-09 3.099414261748750004e-08 -1.721324875544578234e-08 2.206161597898827503e-08 1.472222514919764395e-08 -3.306852903190578089e-08
-3.233835626986463408e-09 -6.039831740064271224e-09 -3.210186892132402608e-09 -2.818402896939130021e-09 -5.873014417406467018e-09 5.752414688960025518e-09 9.257525067275294092e-09 -1.565425395675334055e-08 8.961298848457538224e-09 -3.700550299279964194e-09 -2.460072123275947257e-08
-8.673635849050241937e-10 -1.810300291658353089e-09 -1.612446518365964626e-09 -1.662270462499483872e-09 7.692293017803260715e-10 3.367823861098063536e-09 5.411503479428651430e-09 -1.046515128640021022e-09 2.797332232012946196e-09 -4.092499911752970144e-09 -8.002283406823451385e-09
4.397564131689255275e-08 -4.688479371606401694e-07 -1.597432525424528551e-06 1.882452523075876383e-06 1.575697416359883922e-06 6.757268799768833471e-07 -2.228765910613826941e-07 -1.897250635781277990e-06 1.310884023857684365e-06 2.396510947863738824e-06 -1.198504539266988484e-06
-6.245410352305613376e-08 2.948244184331321251e-08 -6.143398146548717649e-07 5.032687734134538565e-07 1.682600891276529783e-07 3.030712583685328492e-07 -5.604766889150277791e-07 -4.809594788675168500e-07 -5.740056830721276081e-07 8.250595565950784261e-07 -8.772244495806583518e-07
-9.786556560245904731e-08 1.485024813109194440e-07 -1.960012014791410980e-07 6.800745599235947946e-08 -1.324408555124386720e-07 3.147045067751810144e-07 -5.384906409594109709e-07 1.109530193282483392e-07 -3.042044118176179257e-07 1.465923793559707760e-07 -2.078502842324877763e-07
-9.001028418725669165e-08 8.636266258500969278e-08 -1.696201036869567724e-08 5.838001098441797282e-08 -7.540984743573358632e-08 2.959319063485877893e-07 -2.578203694246065822e-07 1.030683982324213753e-07 9.000614036474284303e-09 -2.510068814869539845e-07 -5.696760839903119801e-08
-5.972853354924175105e-08 5.297154899935240820e-09 2.744828090968547488e-08 9.305257710645318870e-08 -5.458128145088885063e-08 1.447380158516584985e-07 -3.500828475888379950e-08 -3.658571227464314902e-08 -8.981378487890862022e-08 -5.306652255936810548e-08 8.569921841096177309e-09
-2.975149677580409265e-08 -2.074651693934602071e-08 1.143252836801173201e-08 4.874445262090455967e-08 -6.163568439410812697e-08 2.183928008380982167e-08 6.428808273766052536e-08 4.955692083173812226e-09 8.665752542762612357e-09 4.762982158547069137e-08 2.271832049197475650e-08
-1.137557166403892130e-08 -1.550664544460121528e-08 -2.344647203099667544e-09 6.389224525619416192e-09 -2.975394315688895918e-08 3.039082100136244569e-09 3.287555948135934551e-08 -1.843545952304611068e-08 2.314195516271076612e-08 1.515062102747852910e-08 -3.667071013886044210e-08
-3.480893213713084307e-09 -6.593610476418969289e-09 -3.754339487286078402e-09 -3.512111706778076249e-09 -5.370870649001431580e-09 6.816731383909519278e-09 1.031649103167876145e-08 -1.553669162921011620e-08 9.091134463739773538e-09 -4.242712281502322064e-09 -2.596643876057397131e-08
-9.236512873486521149e-10 -1.924901813288976242e-09 -1.758790331248468977e-09 -1.798231031358048318e-09 1.017228277901860100e-09 3.662173881100106681e-09 6.106536799127203790e-09 -4.622128923941161368e-10 2.892595154185243791e-09 -4.764057089372695847e-09 -7.940463975109721087e-09
3.849705379637279101e-08 -4.685593623076391074e-07 -1.661408384451898232e-06 1.914967053862547313e-06 1.606961075647994783e-06 6.512632519293861594e-07 -2.014698594571403810e-07 -1.934507570114164373e-06 1.309795948813708191e-06 2.390127878162731871e-06 -1.231092913495456014e-06
-7.171679802083948678e-08 4.339816455952974393e-08 -6.346999608834440344e-07 4.951891253227776588e-07 1.670612940029375870e-07 2.898690312680939942e-07 -5.595439361848487713e-07 -5.038470701032741887e-07 -6.199385601289102573e-07 8.203026194788733369e-07 -9.211808436183087809e-07
-1.061995135626761700e-07 1.569385322295877738e-07 -1.995299887782697241e-07 6.002214857785354021e-08 -1.290233191515858061e-07 3.128218836709795507e-07 -5.475488469482303017e-07 1.108626618643657619e-07 -3.123871609497242321e-07 1.505706314805022731e-07 -2.224571868774544047e-07
-9.544177754830045452e-08 8.749259058146274338e-08 -1.659587783391971489e-08 5.697295454068360498e-08 -7.145790893819167940e-08 2.968819297658896840e-07 -2.649466978878817293e-07 1.082464495197376722e-07 1.204089705455033993e-08 -2.551716844594863055e-07 -6.405873164695526338e-08
-6.242332598678776226e-08 3.516765659980006784e-09 2.758240214912549811e-08 9.364383492472478911e-08 -5.435006289254657543e-08 1.458250705534363323e-07 -3.682145088565673692e-08 -3.749481120302534885e-08 -9.160152099215279374e-08 -5.454440273547603897e-08 6.336819961147310542e-09
-3.079442296118450691e-08 -2.216814979472010796e-08 1.099388367042879109e-08 4.857115428062491527e-08 -6.259142963304095440e-08 2.220742809782583922e-08 6.605560076997777530e-08 5.291549093593562789e-09 9.176797631781905425e-09 4.825187948169543324e-08 2.299137828702196337e-08
-1.169916130681859491e-08 -1.612361604910180115e-08 -2.779516273586122497e-09 5.881266587577205158e-09 -2.972509209310807116e-08 3.589872946346933263e-09 3.378601713901487298e-08 -1.807989456138977319e-08 2.340808292388177815e-08 1.563187724336728736e-08 -3.789325219940516274e-08
-3.563546089857077995e-09 -6.774594205142022659e-09 -3.943045286657530911e-09 -3.747117164252706286e-09 -5.148655602804492718e-09 7.180929145061903460e-09 1.074526315806196358e-08 -1.529298742628234972e-08 9.109545555977455332e-09 -4.415748068490598106e-09 -2.627584349667674357e-08
-9.418027603831809606e-10 -1.960626208266477128e-09 -1.802810483292743151e-09 -1.838719025364039225e-09 1.088069641509546091e-09 3.747014530528960066e-09 6.334571030908591948e-09 -2.667375407743319944e-10 2.904546341740921226e-09 -5.024295167303337748e-09 -7.749128587948405370e-09
3.943473084018761281e-08 -6.255155485731484990e-07 -2.476387315230000742e-06 2.818904886166920507e-06 2.162260262941364980e-06 1.175145424167120879e-06 -1.100755883038542606e-06 -2.447954018553638909e-06 6.924739366185116540e-07 3.949614018157839592e-06 -1.340603137494019656e-06
-1.354854273054858328e-07 1.646264102633478236e-07 -9.403631577219727693e-07 6.444431888692153531e-07 -6.747956063321349359e-08 4.626138009767049084e-07 -1.113922314387816035e-06 -2.769221363736360137e-07 -7.180181308893932364e-07 1.219913631102130533e-06 -1.168073761816688086e-06
-1.904893150934284327e-07 3.010130342470019157e-07 -2.704415243983058625e-07 3.792465715104982738e-08 -3.361389382720302459e-07 5.166624156458095713e-07 -8.430586167490395357e-07 3.997204812570028521e-07 -8.669171111079649226e-08 3.802218366751516871e-07 -2.020755379748494021e-07
-1.665800586270665099e-07 1.331352123330360523e-07 1.312860742322815165e-08 1.264465082690653718e-07 -1.025107810850568088e-07 4.398515479569854584e-07 -2.265630645016558279e-07 8.460384254068805365e-08 1.430806575131192277e-07 -3.345142663712266009e-07 -2.123520120021123530e-07
-1.028064755011163946e-07 -1.320421378675565285e-08 5.403333348668030460e-08 1.643443815770442772e-07 -9.433176748273032591e-08 1.590473061313117654e-07 6.156402971600387933e-08 -3.754739799926891772e-08 -1.590869981122157915e-07 -6.765014473675891223e-09 7.590032631609825936e-08
-4.696349037066830043e-08 -4.304170291363521425e-08 1.065523511887684453e-08 5.722360511841760145e-08 -1.002988580862898980e-07 -2.035337331837078000e-09 1.058930960770298097e-07 2.156824948859873479e-08 4.089491817828107631e-08 7.543099917522495665e-08 -1.317493854031090422e-08
-1.643014935811462462e-08 -2.642008806229304222e-08 -9.015595237471865211e-09 -3.707579468008285206e-09 -3.689462202379781328e-08 1.046344353297111966e-08 3.150058337870331681e-08 -4.417726391782279963e-08 2.782230920863918537e-08 5.507926310122377159e-09 -5.755969690504938665e-08
-4.719911832427506030e-09 -9.652774092255901622e-09 -7.042061964216655767e-09 -8.183119774141337821e-09 -1.559484463694301620e-09 1.369203241120208503e-08 1.411350880068969536e-08 -1.597036048049962817e-08 7.117055109451715905e-09 -8.032653766014785267e-09 -2.829187273812549255e-08
-1.223753337343307866e-09 -2.503733652216909722e-09 -2.704334136787948228e-09 -2.528827507070169403e-09 3.288277518491994175e-09 5.673336352860919384e-09 1.126452363377623515e-08 5.107990686322977688e-09 4.232598693968925283e-09 -7.505436759735973178e-09 -1.160890557055192644e-08
1.122910163406566018e-09 -6.533697958661736462e-07 -3.157327052456577986e-06 3.363935017365542112e-06 2.385005976722083419e-06 1.273980576845198117e-06 -1.365655935953986354e-06 -2.426427362067271902e-06 6.746073156755484054e-07 4.076130168789377094e-06 -1.091635631601882375e-06
-2.255970469012260224e-07 3.293628553637190307e-07 -1.170067347863400436e-06 6.330281920519385820e-07 -3.213598143479693674e-07 4.129846494013728213e-07 -1.220985000122851592e-06 -3.955547803896931841e-08 -6.870770853442678025e-07 1.220311279625694484e-06 -1.126166430966941154e-06
-2.840541765799078859e-07 4.198592164844671286e-07 -2.987995292961947038e-07 -9.065072919394725668e-09 -4.326018310390118168e-07 5.643290819771441692e-07 -8.427131025291046193e-07 5.091431752227195260e-07 1.130916318479573540e-07 4.394702279242831793e-07 -7.825170523212493900e-08
-2.328615136016475466e-07 1.497987450694551449e-07 3.965580846053528713e-08 1.659762854618136703e-07 -8.653735008070482440e-08 4.724620950825660846e-07 -1.567146001924302045e-07 4.243983098642103342e-08 1.351584874311121007e-07 -3.275694074075832882e-07 -1.908871908308520851e-07
-1.355692883574383750e-07 -3.630062276505353236e-08 6.386360792407286933e-08 1.888817900500016943e-07 -1.108120354606885885e-07 1.381777569258427421e-07 9.761816735612394292e-08 -1.054937235492322625e-08 -1.720260034073574596e-07 2.051449749205423111e-08 9.704212161450569274e-08
-5.879656071441829171e-08 -6.167934505485070383e-08 4.071756891451481542e-09 4.881771684751418398e-08 -1.160394118071159436e-07 -9.137343927420084195e-09 1.109965264008665734e-07 2.306182682924023514e-08 5.175869559011895307e-08 7.869085860412807886e-08 -2.398092241103981042e-08
-1.972644294831991892e-08 -3.379426837967186861e-08 -1.487771196738069019e-08 -1.337674983584979691e-08 -3.544790053174286796e-08 1.999617029019977805e-08 3.811602921962424927e-08 -4.741423343846838036e-08 1.885231355155924756e-08 -9.191223170160871623e-09 -7.094791858506870003e-08
-5.557022041092052422e-09 -1.139544220795837992e-08 -9.357402640593926580e-09 -1.190287598529252121e-08 3.598440749235682700e-09 1.828168506287190397e-08 3.251929829880910710e-08 3.746875031074396544e-09 -3.072753134991151410e-09 -2.793654519743729973e-08 -6.177429128363311623e-08
-1.403032744056765937e-09 -2.823412745674104222e-09 -3.205337007361193897e-09 -2.738608891146740888e-09 4.344971523245561305e-09 6.724964146051904147e-09 1.349823932685296740e-08 7.675293891453257522e-09 5.564572186250778212e-09 -8.403903298547572712e-09 -7.932404272226445772e-09
-3.957858993290008304e-08 -6.626866791405351376e-07 -3.764193961026132986e-06 3.808121232261299875e-06 2.555200481823842517e-06 1.290331485088989415e-06 -1.513881948085036999e-06 -2.346017416372889033e-06 7.668272897258636179e-07 4.106396594436525534e-06 -8.693844966786108985e-07
-3.115252687869354018e-07 4.837321298564745040e-07 -1.370782155498245140e-06 5.993002159604522061e-07 -5.373965249847692114e-07 3.386827628225343453e-07 -1.262607858881364794e-06 1.466080739895403760e-07 -6.783600707612218757e-07 1.160691583650154562e-06 -1.115503445045640735e-06
-3.703358550331367942e-07 5.240371066151239125e-07 -3.202061363133563902e-07 -5.805534598646974435e-08 -4.996694917712096615e-07 5.849708887586469335e-07 -8.350055092510376147e-07 5.829824315359013085e-07 2.736199579898985407e-07 4.816907316999231490e-07 -2.765139346900949168e-08
-2.924016533610486527e-07 1.620782907997805496e-07 6.222238714571675927e-08 1.938560225159072402e-07 -6.514490374573424970e-08 4.893338030374463005e-07 -1.096916529044342479e-07 -4.239985806253354097e-08 1.695896429123807420e-07 -3.784486562388358675e-07 -3.109765723309604971e-07
-1.644965226125153921e-07 -5.810295487769628717e-08 7.066442820193573251e-08 2.053728666685333126e-07 -1.215835066259866170e-07 1.233600639832165266e-07 1.192774416672247683e-07 1.358244854514532199e-08 -1.715098221686818946e-07 2.782469418045098363e-08 1.196143109661626135e-07
-6.906615688945834069e-08 -7.845063864766611682e-08 -2.409802560555035214e-09 4.006140642116167000e-08 -1.271264612407421171e-07 -1.350346664829388298e-08 1.122711879396739498e-07 1.423553465500702081e-08 6.559744163145067430e-08 6.132557735702102910e-08 -8.497590476307930502e-09
-2.256657530875497700e-08 -4.035961606273318784e-08 -2.025632090433712724e-08 -2.112683904978514844e-08 -3.407440851667596522e-08 2.749021864386376680e-08 3.132973317367683414e-08 -5.949557545491664577e-08 2.466167082733191391e-08 -1.207945862592657252e-08 -3.332743848644331749e-08
-6.249123368206030069e-09 -1.313500004244925119e-08 -1.155210890316004810e-08 -1.375007600192493708e-08 6.943098269326187863e-09 2.294490808709670389e-08 2.493971588738060611e-08 -3.286870836188980666e-09 4.552696356461462914e-09 -8.089795082768369533e-09 -3.324194294483555574e-08
-1.557618305757376951e-09 -3.067141018883207132e-09 -3.596838714761592820e-09 -3.031926427793551460e-09 5.333027850007051999e-09 7.492018522717719240e-09 1.773297614514098115e-08 1.244040881391103601e-08 5.109253468416737286e-09 -1.292258900705319437e-08 -1.102799204951494575e-08
-5.815362507203667342e-08 -6.558528991200985458e-07 -3.980939279847548945e-06 3.940713624577472862e-06 2.608783430986327244e-06 1.256312172660965903e-06 -1.528079847382145568e-06 -2.320385679622770900e-06 7.934274454715739742e-07 4.071993139825635976e-06 -9.203685362233036253e-07
-3.455031936183704265e-07 5.437300981756484783e-07 -1.439580873464901360e-06 5.707599064837479674e-07 -6.067729113905154856e-07 2.952415838794182069e-07 -1.261226644596079717e-06 1.642108399385701423e-07 -7.460697195165242873e-07 1.089413464954452850e-06 -1.168616975678603175e-06
-4.028231039458829989e-07 5.601133559512177863e-07 -3.261981201228907219e-07 -8.189290002381512413e-08 -5.102124805728017528e-07 5.801715703856707940e-07 -8.176488496285046670e-07 5.808402477850794763e-07 3.029630144252618733e-07 4.448436358371432641e-07 2.385518056404636458e-07
-3.139001850449669223e-07 1.648822655294493146e-07 6.949449151524130864e-08 2.002773280905242236e-07 -5.231102430320498458e-08 4.851349253356026878e-07 -8.537800245974530949e-08 -5.087406142763440940e-08 1.656640247234269394e-07 -3.761114496284792956e-07 -2.240274993098797065e-07
-1.745662753885663800e-07 -6.623353973417461286e-08 7.180593939834644455e-08 2.088852650483193278e-07 -1.235414279907962972e-07 1.077232351262536456e-07 1.250799471489380899e-07 2.868725677292752984e-08 -1.628415454325423646e-07 7.454905598160317829e-08 6.062266535028334375e-08
-7.261130139771927209e-08 -8.419741601406253007e-08 -5.230206358380031904e-09 3.573660366105909496e-08 -1.307293439985390892e-07 -1.378895354138156170e-08 1.112561654993152188e-07 1.961530260744494758e-08 6.363895014170594746e-08 8.045132627209813916e-08 -3.753057623279245797e-08
-2.353095773378026834e-08 -4.252219623465100767e-08 -2.216950275304359665e-08 -2.402192227810046113e-08 -3.261233138886126947e-08 3.376189998501573178e-08 2.879332969755852285e-08 -6.598323862480343014e-08 1.449833961458720528e-08 2.460108643527531820e-09 -5.922448190734157326e-08
-6.489134497286802193e-09 -1.367550527075261140e-08 -1.227652060513080685e-08 -1.465339983559735103e-08 8.349262752824159449e-09 2.422891567732560235e-08 2.742196473243627568e-08 4.649798761090938389e-10 5.052815886523940591e-09 -9.627631745151612686e-09 -3.134256619072090842e-08
-1.607623806428790075e-09 -3.148482032109212143e-09 -3.724840782747125433e-09 -3.085548170102274137e-09 5.608588186232337447e-09 7.745401756225148593e-09 1.866011711056720480e-08 1.323794723100482927e-08 5.111141266588479952e-09 -1.402878357000919205e-08 -9.794190675370001894e-09
-1.227562830680149838e-07 -5.715227082758192870e-07 -4.443836474016083125e-06 4.108073057458963628e-06 2.502105412450214829e-06 1.011325532048198540e-06 -1.262672019987838445e-06 -1.770102778112011975e-06 1.200388414287898116e-06 3.080563935732707565e-06 -1.526379049914128258e-07
-4.442216915407766275e-07 7.223722928195805353e-07 -1.571311628541752462e-06 4.302044822047425609e-07 -8.432262833081417756e-07 8.835747598295799608e-08 -9.855284671344569071e-07 4.338942084498884681e-07 -6.381831868088092927e-07 7.629918653772366785e-07 -6.968653457019052016e-07
-4.908339093499110051e-07 6.421542986841405605e-07 -3.119370262090138874e-07 -1.375432419479187835e-07 -5.000796687395426947e-07 5.052384616934664221e-07 -5.749050083561354803e-07 5.521040919942846399e-07 3.808440399534022344e-07 3.572003921249137370e-07 2.817631507516779962e-07
-3.666769727676583098e-07 1.556516508693247872e-07 9.092013308944232718e-08 2.080371669167116430e-07 -3.420987074587672064e-09 4.222753374038909511e-07 -1.004316017426291129e-08 -1.320488044200106014e-07 6.373833107097779519e-08 -3.549170810959881595e-07 -2.143823710630096587e-07
-1.962375966726080353e-07 -9.158929001050414183e-08 6.672643079150126490e-08 1.911355915411778439e-07 -1.175608822823635930e-07 6.082129965002412012e-08 1.046699625392753228e-07 6.629742161195142650e-08 -1.464438148786990601e-07 4.616595068827994303e-08 8.515143758853024727e-08
-7.903491768500681659e-08 -9.855752943584158411e-08 -1.607825284245608847e-08 1.419068859849330820e-08 -1.265934195618644150e-07 -6.712361273320631206e-09 8.679034345624815449e-08 5.411374363516250984e-09 5.559080526373043013e-08 6.355006446115511437e-08 -1.487481605983424536e-08
-2.506672713294091222e-08 -4.660661073974387282e-08 -2.701931955081212963e-08 -3.195797673000004572e-08 -2.498177777176898771e-08 4.183756170128675032e-08 3.201676029222005808e-08 -5.874247559950712964e-08 1.153403161153323972e-08 -6.471385261475748015e-10 -4.252087882492518372e-08
-6.880400268819243624e-09 -1.442066546579058238e-08 -1.380826392402929740e-08 -1.611732294531689467e-08 1.311468489762809181e-08 2.767124071861983134e-08 3.335265522191071431e-08 1.154420855865331851e-08 4.015168037823209550e-09 -6.771320810344624362e-09 -3.546338303052508647e-08
-1.665426271457734228e-09 -3.195486926274258857e-09 -3.787200574022454588e-09 -2.962611606426676849e-09 5.706668912749941687e-09 7.746104052862610306e-09 2.033298519738467931e-08 1.527357017808823071e-08 4.860882757004282860e-09 -1.715488076454633632e-08 -6.011701480510789621e-09
-2.754677428319565343e-07 -4.192211612872546480e-07 -5.719664869890317170e-06 4.642297622203724614e-06 2.533216401184836396e-06 4.556897759650975384e-07 -7.554291195788385620e-07 -1.030457780626116879e-06 1.722410028352238623e-06 1.505766303685178185e-06 9.225573891799871711e-07
-6.857539735897507878e-07 1.141877569900260366e-06 -1.949867470015119654e-06 1.188600502123292856e-07 -1.284438042871803232e-06 -3.317249768944159238e-07 -5.764921447277753581e-07 6.862625182429615351e-07 -8.782000040435051245e-07 2.009866504381027244e-07 -3.500782009013120931e-07
-7.074241782634754541e-07 8.513279367092812672e-07 -3.114534053680092033e-07 -3.023421654932683246e-07 -4.674200874923298378e-07 3.719144689291890100e-07 -2.652850972583724358e-07 4.866583534209048056e-07 4.674286965025985189e-07 3.681392646924590594e-07 6.285563287999293184e-07
-5.001896861009337762e-07 1.487980576179525178e-07 1.339936032492550531e-07 2.137738557321696109e-07 1.129710470987526444e-07 3.103201895389500570e-07 9.135902660766712012e-08 -2.431650255826696551e-07 -4.420678005976167116e-08 -3.179976146548228966e-07 -1.598923069171144267e-07
-2.544945718872881971e-07 -1.506717746588041094e-07 5.966242674064063801e-08 1.675746896035064488e-07 -1.054695450578270928e-07 -1.942873844840966088e-08 6.679889098631742992e-08 1.368936901079056930e-07 -1.102584375577923359e-07 4.005799317493871534e-08 5.001637650200825415e-08
-9.792743106322309745e-08 -1.346369799915412875e-07 -3.857206389583164011e-08 -2.562690344274608092e-08 -1.277851175352175440e-07 5.074425735031632986e-09 5.813531107132287472e-08 -1.838779702538178936e-08 5.151695838895550165e-08 3.793845520058214142e-08 6.879946403109240088e-09
-3.003805089675025095e-08 -5.838002266237082893e-08 -3.911529015806723662e-08 -5.043776925015924365e-08 -1.038071929383752294e-08 6.404650085026522875e-08 3.797319955192136706e-08 -5.154314144459084095e-08 -3.019501774089516833e-09 -2.117074958768250912e-09 -2.487057646608095985e-08
-8.118647630967239940e-09 -1.700122460263655876e-08 -1.791775022063358212e-08 -2.057158848650082602e-08 2.341754579222615904e-08 3.612011207993850723e-08 4.756836406909330774e-08 3.422601119445388153e-08 2.533481632431283011e-09 -4.642431789948122516e-09 -4.029608337995879260e-08
-1.889341704861426628e-09 -3.506591719228024384e-09 -4.223136785749113795e-09 -3.008895455918954998e-09 6.547601070270073666e-09 8.412120997824543123e-09 2.515498654010460453e-08 2.071205026191923662e-08 4.564029317547972253e-09 -2.445082314061696680e-08 1.619411536340517949e-09
-3.503947311962636870e-07 -3.260347691733127911e-07 -6.227883208906270391e-06 4.757189621659081735e-06 2.520426552188210943e-06 8.180527087380110448e-08 -3.711355961497116299e-07 -7.526577993989134762e-07 1.954361965904150357e-06 6.663310367543411899e-07 1.203658815889246114e-06
-7.928766376226926911e-07 1.321623074923330954e-06 -2.091497074009076786e-06 -5.697057477571975212e-08 -1.417365515988258249e-06 -5.568018130833058179e-07 -3.376653627615728180e-07 6.784738130667111778e-07 -1.090248078519809801e-06 -7.395121393765445124e-08 -3.193107162636343678e-07
-7.983227946410906918e-07 9.295067134915054302e-07 -3.068384657188401789e-07 -3.878385447092128747e-07 -4.092301102975763801e-07 2.778404662203962273e-07 -1.310161427217666466e-07 4.189939797687883875e-07 4.544847425591755500e-07 3.877445594700524875e-07 6.994316386161393061e-07
-5.535047523566506928e-07 1.405355443185514581e-07 1.468087665888265994e-07 1.993317418338998747e-07 1.765336101194996721e-07 2.392343777119147290e-07 1.078681003472582320e-07 -2.626017515157976771e-07 -7.708367628199732548e-08 -2.758258174350714545e-07 -1.721249728756850465e-07
-2.768251688491636780e-07 -1.757811191521775016e-07 5.264043642623964507e-08 1.480745431499564538e-07 -9.182805594905463241e-08 -5.132881726046447802e-08 3.662718656617883231e-08 1.660194485920356999e-07 -9.113886867290625742e-08 2.692914389997939362e-08 2.176792932700174184e-08
-1.049417760284099837e-07 -1.486989813958103014e-07 -4.851861107751103636e-08 -4.353142307930820473e-08 -1.241603879656538721e-07 1.337947570844617712e-08 4.526795976395698374e-08 -2.871958633552905561e-08 4.668979564750100307e-08 2.426553418245625437e-08 2.065140747278830883e-08
-3.186990510825470138e-08 -6.271611165077298763e-08 -4.399317146241016243e-08 -5.759046313893277944e-08 -2.831780903686486110e-09 7.329240951546795513e-08 4.168154450644721543e-08 -4.402421840148461829e-08 -8.737004189927610708e-09 9.965831038806847994e-10 -2.210925877830582467e-08
-8.570439014801473225e-09 -1.790426540488128009e-08 -1.944783810184994264e-08 -2.216491947495243779e-08 2.751828896279110800e-08 3.921705960060221282e-08 5.343174801404026992e-08 4.398683585337873852e-08 2.005159175034903172e-09 -3.753842143696170080e-09 -4.155500088415878237e-08
-1.964472446170451854e-09 -3.601862841884485399e-09 -4.339490035408199699e-09 -2.987973807965511012e-09 6.724785110662668275e-09 8.532039688381557750e-09 2.679050681056936622e-08 2.256857338275676646e-08 4.304137569178431516e-09 -2.740820348901078976e-08 5.542482759641539590e-09
-6.253902010765985707e-07 4.873557633953283029e-08 -7.921744132267307824e-06 4.988487609272792062e-06 2.340926424548465305e-06 -1.364402509502230938e-06 1.233522628846420596e-06 4.234936138036942080e-07 2.713536049138738649e-06 -2.779803100899973214e-06 2.724949771355815428e-06
-1.173520548277838313e-06 1.955880467030011821e-06 -2.545373096586540288e-06 -7.303427836482819577e-07 -1.842534425445593309e-06 -1.379371390219461428e-06 6.330570541043830327e-07 5.819709513723243150e-07 -1.988880491573349601e-06 -1.106667937063759959e-06 -1.007736412636360346e-07
-1.114589853140966214e-06 1.184311787012513554e-06 -2.733850997658521956e-07 -6.967047928252410698e-07 -1.401567899394315673e-07 -9.918606327188335101e-08 3.987814010611162078e-07 1.212868622607888400e-07 2.294417063937892597e-07 4.868638056413129356e-07 8.474374665393526659e-07
-7.338593126845321915e-07 1.007982365926577394e-07 1.869479077821740407e-07 1.242630699555015955e-07 4.135355262554354435e-07 -5.656330988162620715e-08 1.449724366923795834e-07 -3.368754749500668584e-07 -2.371999511781436953e-07 -1.642199547591484509e-07 -8.002361338268192992e-08
-3.500188147851014908e-07 -2.651619950711065207e-07 2.083759532157653586e-08 5.804462609685516806e-08 -3.680312769276517867e-08 -1.702226439472881676e-07 -1.166417029681546196e-07 2.424832186020754243e-07 3.390504431496085087e-09 -2.007861126854196480e-08 -1.184392521071672639e-07
-1.272606762329929357e-07 -1.956485223050587244e-07 -8.475169217497150119e-08 -1.103225757750647348e-07 -1.028421026342223925e-07 4.882726275621861608e-08 -6.888247515972145942e-09 -6.850965410267451310e-08 2.742837952431134712e-08 -2.568358949173655508e-08 7.446092261867089513e-08
-3.761621572494896014e-08 -7.641533886011318230e-08 -6.048981174794640806e-08 -8.181485819173170065e-08 2.627170327836442105e-08 1.045193397567329584e-07 5.722409613796693759e-08 -7.173541380282950332e-09 -3.062268490193444735e-08 1.488086847649278313e-08 -1.290885071535197623e-09
-9.986047978387528815e-09 -2.062346762633578522e-08 -2.440925071119663330e-08 -2.707469888076666197e-08 4.168735993920133520e-08 4.926392406522807419e-08 7.420984469978856858e-08 7.928133998154583498e-08 9.438833388587313002e-10 -4.139881393575239802e-11 -4.628562165286806449e-08
-2.177384384201823001e-09 -3.837670687462365822e-09 -4.567994223722796080e-09 -2.779258408439987746e-09 6.872534209158792042e-09 8.517593525387637139e-09 3.161529925850298901e-08 2.812120505910954901e-08 2.933714227449623727e-09 -3.797804871220179248e-08 2.114988262391128988e-08
-8.316078291640724320e-07 3.637032658977986422e-07 -8.941573071331638292e-06 4.830188631282519249e-06 2.215574867333193968e-06 -2.690768605396932843e-06 2.714687696205099153e-06 7.437601045720328922e-07 3.073142144215499419e-06 -5.331484925663837467e-06 2.683041200561765732e-06
-1.431717858762038032e-06 2.366080620115188534e-06 -2.792889582795682511e-06 -1.286837101976435778e-06 -1.940075009214964408e-06 -2.044848516835566358e-06 1.386457026982557743e-06 -9.091170204542819480e-09 -2.928742661679963822e-06 -1.788067778875000582e-06 -3.727125838717518632e-07
-1.314943435040405391e-06 1.321714852089072786e-06 -2.478746694900289465e-07 -9.532121926026052925e-07 1.537612750558335146e-07 -4.451078215393862698e-07 7.218081728159088432e-07 -2.157641248913168344e-07 -8.186134546170630574e-10 7.426524118307260348e-07 9.616863500139841685e-07
-8.410611807730650350e-07 6.225225632442272049e-08 1.942347972082505113e-07 2.189487684262155536e-08 6.045852704283967966e-07 -2.953558129408062385e-07 9.045824154446097545e-08 -3.215333677504703765e-07 -2.506458922612468897e-07 -8.346958949774579270e-08 1.025405068401409044e-07
-3.913112508991721756e-07 -3.217827909056697786e-07 -8.736597212598918334e-09 -2.012639689562410552e-08 1.423798990986533642e-08 -2.320081047065828959e-07 -2.521438137448749979e-07 2.699704522415792228e-07 2.702641393069941665e-08 -9.022360656066018817e-08 -2.424413462995663884e-07
-1.394448436159074363e-07 -2.221053477691784738e-07 -1.076268681557489632e-07 -1.546487524453805093e-07 -7.718614546545957020e-08 8.017258319827792788e-08 -2.907556224633268352e-08 -8.144277852865949275e-08 -1.110659191547415415e-08 -2.871896544439700975e-08 1.627462829468807519e-07
-4.076085091767519264e-08 -8.372528664726898364e-08 -7.046301950556125270e-08 -9.548567087734116870e-08 4.743936404590651466e-08 1.236784128822068008e-07 7.268086720122655481e-08 2.798081363621147015e-08 -4.128413308491319380e-08 3.306464446924673453e-08 6.755650212459393495e-09
-1.073245282853107083e-08 -2.197642091507406423e-08 -2.702203265083833764e-08 -2.957294074714947571e-08 4.967529393862038700e-08 5.439481382076338670e-08 8.626746562673471928e-08 1.008043106956361776e-07 -7.238662871262402589e-10 6.689844205282339641e-10 -4.600639756338013477e-08
-2.276105717656222893e-09 -3.922812722422252985e-09 -4.595407211829722414e-09 -2.617486372879864857e-09 6.669335420546409783e-09 8.166708712517712027e-09 3.382577934331970551e-08 3.084059399659347268e-08 1.808584123310010085e-09 -4.460889091043347979e-08 3.282070064516780070e-08
-1.175692644465998799e-06 9.189892625325158714e-07 -1.038659083433450623e-05 4.214365207334021025e-06 2.076901813274744541e-06 -5.229072895076486312e-06 5.455105676135451924e-06 6.056300043816010139e-07 3.495351111431726581e-06 -9.892849215584596602e-06 1.026271523163356613e-06
-1.831662903963620018e-06 2.972394978134253777e-06 -3.107780481491834707e-06 -2.267507381699310278e-06 -1.821667323706608659e-06 -3.287524333038866465e-06 2.711412102719434693e-06 -1.351864427161525320e-06 -4.639872935761956966e-06 -2.772507339116774263e-06 -2.470272928702199985e-06
-1.607401894567783915e-06 1.492823070609873214e-06 -2.122405074728420471e-07 -1.423879043696401834e-06 7.491552839088763660e-07 -1.125615764821613783e-06 1.100866649147359332e-06 -1.072946810612030543e-06 -1.236310127488082481e-07 1.042564335895302273e-06 7.846729424503332218e-08
-9.895083414164933942e-07 -7.865304748341382089e-09 1.835534006036480596e-07 -1.910615015598161817e-07 9.276850253854902229e-07 -7.880624622814924620e-07 -1.541731007664741705e-08 -3.468723115974377228e-08 1.507564519572632987e-07 3.061923604175592930e-07 3.450349376164923127e-07
-4.461225435726497402e-07 -4.043373743368440751e-07 -6.461141244988605946e-08 -1.619864585711930408e-07 1.044801243145320461e-07 -3.251443409507578281e-07 -4.964772237706251699e-07 2.349117339506003708e-07 -4.841183255371168089e-08 -2.798523847750121976e-07 -5.195995887476720204e-07
-1.551825733051050331e-07 -2.569315867273094933e-07 -1.414485711988509275e-07 -2.188542965763365935e-07 -3.595870458549046431e-08 1.238814438433511216e-07 -6.290812508760200033e-08 -6.921589506626940155e-08 -2.046311411996781753e-09 -9.433063701036062199e-08 2.089159890881974670e-07
-4.483519075894684627e-08 -9.303093388386980416e-08 -8.454703462824895618e-08 -1.136511499801649546e-07 8.348702763655053107e-08 1.506641929362553083e-07 1.012153552583526332e-07 9.783518619274927096e-08 -6.187237077310011841e-08 6.189057702027122784e-08 1.703813461977469552e-08
-1.165782953262383575e-08 -2.351341255464363827e-08 -3.027992488996004043e-08 -3.269140951540641879e-08 5.990502492296127226e-08 6.004998403613459088e-08 1.030329381238627333e-07 1.308618645546016849e-07 -1.202734526130827694e-09 3.594704576654897047e-09 -4.158450999323413982e-08
-2.383758187677336034e-09 -3.996210160073841261e-09 -4.519546133887040500e-09 -2.350707283166147866e-09 6.082674976594977081e-09 7.529951537666658190e-09 3.629998971878157834e-08 3.348122250925838804e-08 -3.029302175978013837e-11 -5.193405735031650374e-08 5.101571550378533597e-08
